3.3189332092400377
2.4770922101050816
2.698298662087379
1.8429022131421846
2.455334918038899
1.8591536765637449
1.9923661159307828
1.9492973484726985
2.6673735012087696
1.6708266400951945
2.793834249654714
2.542139688085565
3.521170714303717
2.8993936968315714
2.68024080079183
1.3154859429684802
2.067183793292129
2.5945596215199
3.141593835741203
2.585897006855297
2.6110450351219385
2.2444685744921626
2.599948072413628
2.163527302192061
1.5429793498185003
1.9059624164384896
2.3483834404798904
1.755406339695627
2.6022108665917223
3.6171575509332774
2.0252328261163255
2.8599996251525632
1.938245434962008
3.028939980211704
2.0157894777311114
1.9108804590283361
2.967166409908381
2.1618662059235114
2.5522270873435273
1.7393648759836247
