3.9249268530062884
3.6439779363680858
0.6773655767981486
3.250546720727242
2.3336854058709564
2.5223111291896068
2.6877086815691635
3.5805056221745435
2.921759486927695
2.5813801325878476
3.5232945716814363
1.5454322246819265
1.0679528788389354
2.4289310458939144
3.402680015124362
3.2613159231816757
3.609604409734007
2.772598144025939
3.9737263102226046
3.4606673182352736
2.5620016675676056
1.829702937340719
3.194005411626006
2.8959280912939995
2.2866983553469904
1.617752721148225
2.0091302760152407
3.6250089722578696
0.9448998043113349
2.6539036997627297
3.045788814161136
3.1003092848278366
3.6659341508389955
2.7362886892004896
3.0788258094471934
0.44481226262065815
2.8764937078990704
0.741894613255527
3.009789413533512
2.985059481377476
