1.9990644737345518
3.239511401483281
3.3186967622283907
1.2656431768774496
1.8942525964838735
1.2512900197372754
2.164219235650434
1.6915510450193962
2.254559885680929
2.527392411105008
2.5383054704270713
3.183710813673966
2.292701888613546
2.735462967556138
2.417715296768516
2.602208889718627
2.6562145785482834
3.585965561245698
1.5774958930418166
1.6538201405656354
1.6005121640501576
2.5674928560082226
1.4219400095588184
1.1750813554139317
2.221382510104929
1.080100655207231
1.7529346418377751
2.254682216146981
1.8991316532778413
2.126847030224668
2.522117548965854
2.89110409456866
3.0580091806923027
2.956942809169584
1.6183435932318686
2.2816661557880424
0.7561252334047504
3.1690769945733037
1.9068351436774498
2.100710920037085
