1.4300640989949926
3.121571070311229
2.354159111810751
0.5548904427601874
3.696513613641527
1.6693390591657065
2.9922524614583565
0.7966476228673067
1.8755223180812006
3.2695438744496435
3.276655434520996
2.195426456933325
1.0240811148701319
2.7085211307150185
2.794796518394316
2.7903441614483575
2.1229031535466563
0.7586452864438037
1.8158243700846086
0.3355460386734121
1.0919267602444505
3.2094367982794183
0.7386035137365814
1.758473284322361
1.17303844074015
2.4270282870551974
3.072351984310126
2.9368503733686673
3.0768723769907322
2.4180154297648784
2.9322552657509013
0.8184371303751735
2.773325137037227
3.518725273002126
2.765105340587147
0.6095365314727748
2.560579772527715
3.6284061880124674
3.3698141241712536
2.2519669062226337
