1.1668042795003604
1.5924309230966798
1.5333096811990077
1.0373169509683824
1.639445870202074
1.0867311033110223
1.7092419340068659
1.2055592031336912
1.4897570651370524
1.773008162503514
1.85930937316969
1.7747809618875514
1.6996256488481762
1.5792003078747914
1.770144282701373
1.486204289260467
0.8860513997990589
1.018053349731265
2.0847135182770726
1.8706729277486698
2.174958529397639
1.446383531698662
1.75014809151362
2.14373865037541
1.6010558942200976
1.3845637057075186
1.4760644232054718
1.810105116411863
1.779103572452705
1.2461556338870987
1.534746145215191
1.5604346141418297
2.139826937208824
1.0236063954781962
1.7440173191353303
1.5451274218847262
1.5985489029729008
2.0092974426391046
1.503507770659876
1.497257725553592
