1.1551765119902664
2.348436721637096
3.1256126571115805
1.8451196501574958
0.9889494816427032
3.6234681402290083
2.259208916079107
1.4753637909831776
3.4738452711227263
3.540345382728874
0.5732083306355138
1.6413433013547236
1.5777699803244003
1.3583854705722684
3.1494835647655974
3.299054367310998
3.2313608233189544
1.5009646764501552
2.003482953732698
3.2030632061308686
0.8759987386728822
2.9593849893775963
3.184197544129445
1.5038686682349982
2.1914265740113783
1.3632372061484324
2.6147487187959566
2.9901323519430076
3.092853552055379
3.197870667628593
1.8300215665115733
1.7126267410375278
2.2407219918861707
1.2166412730217524
1.6052753048011554
2.1122128390248487
0.8888456049750056
3.6363536659998656
2.8599951704215223
3.4921626361326163
