3.255297134436763
2.242417575229217
3.3915125016376573
2.2703294737481023
3.714247101983766
0.7109332919271372
1.4139551287566048
2.141747864986018
1.7128233814005305
2.918503420952049
0.8546502373563892
3.497252460790723
0.8924504262328051
0.8957076746880435
3.2142876513532483
0.6197973463324485
2.5242776405321745
1.8207698334983122
1.7430585761018917
3.337729911242134
2.721233219535375
2.005363084015411
0.9419965441902912
2.569901224045201
0.9725053177522333
2.6793362197941595
1.989233201891237
1.364237538180488
1.622015572523579
1.8286743871344913
1.701061276821306
0.956118857633657
2.430833430196765
0.8919777012632835
2.969197267336076
2.799962556879847
2.3196639287282332
3.612615863831324
1.8302289435380463
1.8528210323164753
