1.5808980694131807
1.5708761026180795
1.6443868830463113
1.920340321398035
2.0442857704712214
1.4658440114226194
1.4618426893565604
1.4681471686835323
0.5075762629714328
1.7181911355997335
1.0745888844234812
1.8275449854986492
1.5153866724010339
1.838964344106076
1.1536202611972033
1.3103572681283282
1.8264798518128713
1.162526361356525
1.1975915908763748
1.3735599880807907
1.7792454488955565
2.2346955989065296
1.8487483459450087
1.231812936095868
2.0290922211800027
1.8423115655327529
1.6156380528119314
1.5924709978280025
1.763919667133458
1.992636282930189
1.5641763174155734
1.6312466633924612
1.555766326890551
1.5614268778702538
2.168877431351737
1.4770834199571967
2.4086465557059875
2.0214604391440436
1.8559586993289718
1.5220913437507155
