2.324319908621366
1.8262609056679457
1.5352258708978592
0.9599998868148027
1.0302711691381408
1.1325495322693355
3.3440139862312095
2.6142053432218892
1.299724031430397
2.918377968914874
3.6126685110705847
0.7029475290742073
1.472759456775507
3.56089199874624
3.6519622234857696
2.613070260254851
3.738444029336177
1.9844911710127886
0.8346044018625887
1.1841017974062684
3.2688377589500024
1.374360634921095
1.1297349408008166
2.247126072487063
2.6250672842292433
3.4582134760308305
2.5281422915619824
0.7695624171528338
3.290039092450344
2.801088486668255
2.7680215209721504
3.5989804143382558
0.27361900207077705
3.077411207641103
3.4508282439719755
3.5337512477698563
2.734962285310047
2.3755888639332072
1.7282842774118656
0.6308578619179536
