1.442613770890967
1.3584153175110687
1.2006731093001837
1.8807091809257515
1.4607170326565304
1.828971932405807
1.4997891615292367
1.9643614111979808
1.6100760164082042
0.6477299498476695
1.9903633694503695
1.6028873741765042
1.2898375940004232
1.3011023146292968
1.6243410952862234
0.9979827414255893
1.8587014803681068
1.7528074991010558
1.9450072529166125
1.8276457978991105
1.6128422497590653
1.2348566472728217
1.1007992292772877
1.4809360556376698
0.6327391421098513
1.665655889376618
1.6582518085172082
0.9505362111164625
2.2456439999707856
1.5565998173734965
1.9341372172092082
2.206826465937585
1.542771168956076
1.1435284229106522
1.2553377140363353
1.6293478195655153
1.2799480132001788
1.7703008231271928
1.7516625438154692
1.888960036807162
