0 0 0 0 0 0 1
0.0508771 -0.0273994 -0.132825 0.0133398 -0.0160724 0.00266832 0.999779
0.0877197 -0.0632111 -0.261574 0.0278152 -0.0327044 0.00408088 0.99907
0.134968 -0.0937559 -0.370574 0.0428318 -0.0508596 0.00711423 0.997763
0.152119 -0.148271 -0.485064 0.056687 -0.0676521 0.00995229 0.996049
0.191271 -0.177144 -0.629652 0.0730036 -0.0868078 0.0136742 0.993454
0.229274 -0.194356 -0.713961 0.0897424 -0.10497 0.0173859 0.990267
0.34433 -0.157083 -0.778702 0.109841 -0.128857 0.020913 0.985342
0.464329 -0.162306 -0.852656 0.127025 -0.153758 0.0254205 0.979582
0.350886 -0.158235 -0.902413 0.144251 -0.16085 0.0295146 0.975937
0.417365 -0.182691 -0.969139 0.158708 -0.181006 0.0334337 0.970019
0.495052 -0.176599 -1.0351 0.173781 -0.201547 0.0364688 0.963253
0.586073 -0.175134 -1.09811 0.187861 -0.221886 0.0387756 0.956022
0.634651 -0.178634 -1.14857 0.201252 -0.238646 0.0418548 0.949105
0.725721 -0.148163 -1.21348 0.21414 -0.256916 0.0436782 0.941402
0.788325 -0.128457 -1.27808 0.225016 -0.272458 0.0452163 0.934398
0.879756 -0.0944177 -1.34945 0.234383 -0.287827 0.0460522 0.927421
0.98299 -0.0511925 -1.40682 0.243237 -0.302823 0.0446007 0.92041
1.0656 0.0390532 -1.47132 0.252134 -0.315535 0.043684 0.913766
1.14618 0.0267393 -1.50855 0.253985 -0.32804 0.0385662 0.909068
1.23539 0.0650477 -1.57483 0.255915 -0.338295 0.0343447 0.904929
1.32845 0.146724 -1.67167 0.255875 -0.344871 0.0301847 0.902603
1.41688 0.184837 -1.74095 0.253189 -0.351051 0.0236136 0.901173
1.49263 0.234794 -1.83895 0.247498 -0.353796 0.0166293 0.901836
1.60831 0.278098 -1.90984 0.240231 -0.358227 0.00831998 0.902168
1.72718 0.312004 -1.98666 0.231758 -0.361019 -0.000390824 0.903309
1.85867 0.349739 -2.07106 0.221765 -0.362663 -0.0110986 0.905089
2.02552 0.347483 -2.1299 0.209162 -0.365713 -0.0227935 0.906642
2.16872 0.340791 -2.21316 0.195026 -0.365735 -0.0352126 0.909383
2.2748 0.391923 -2.33615 0.182794 -0.360784 -0.0450537 0.913458
2.0159 0.50971 -2.50793 0.17798 -0.334997 -0.0377635 0.924494
1.96885 0.675314 -2.46278 0.186493 -0.329102 -0.0329948 0.925117
2.12385 0.640867 -2.52835 0.170762 -0.326685 -0.0447787 0.92851
2.08074 0.683928 -2.56312 0.166214 -0.314319 -0.0501545 0.933316
2.1835 0.67257 -2.64263 0.153064 -0.308426 -0.0620514 0.93681
2.34872 0.638572 -2.73166 0.138681 -0.304468 -0.0729827 0.939553
2.4322 0.598106 -2.74821 0.125001 -0.301071 -0.0837684 0.941665
2.58853 0.524225 -2.8134 0.108311 -0.302418 -0.0931401 0.942421
2.73347 0.473144 -2.88751 0.0938221 -0.299474 -0.102422 0.943951
2.87706 0.402464 -2.96161 0.0780367 -0.297081 -0.111266 0.945142
3.02472 0.364381 -3.05107 0.066964 -0.294822 -0.119076 0.945747
3.16055 0.323717 -3.14537 0.055315 -0.291347 -0.122569 0.94713
3.30712 0.293303 -3.23985 0.0452001 -0.289601 -0.124883 0.947899
3.45135 0.280878 -3.34034 0.0399727 -0.288504 -0.127563 0.948112
3.57889 0.266507 -3.44694 0.0340461 -0.285218 -0.129055 0.949135
3.70567 0.251874 -3.55166 0.0293424 -0.283521 -0.130115 0.949656
3.83504 0.243832 -3.65659 0.0268465 -0.282616 -0.130477 0.949949
3.94248 0.209573 -3.73985 0.0245233 -0.282358 -0.130839 0.95004
3.975 0.0454896 -3.75216 0.0229577 -0.283763 -0.129308 0.94987
4.00856 -0.116684 -3.76396 0.0237128 -0.284557 -0.128904 0.949669
4.06567 -0.275304 -3.76278 0.0249422 -0.28704 -0.12788 0.949028
4.1405 -0.418022 -3.7487 0.0269544 -0.289655 -0.126711 0.948335
4.2624 -0.526599 -3.71886 0.0290211 -0.294337 -0.124865 0.947077
4.40665 -0.57108 -3.67704 0.0342067 -0.298147 -0.123782 0.945853
4.55265 -0.570271 -3.62163 0.0411033 -0.303482 -0.122481 0.94405
4.66118 -0.533877 -3.55068 0.0495093 -0.307882 -0.119154 0.942646
4.71934 -0.489366 -3.45803 0.0568807 -0.312039 -0.11473 0.941412
4.77352 -0.431037 -3.37463 0.0666602 -0.316462 -0.111243 0.93971
4.83276 -0.39632 -3.31049 0.0708924 -0.320398 -0.110212 0.938187
4.87673 -0.346846 -3.26418 0.0779439 -0.318482 -0.104721 0.938908
4.71708 -0.274691 -3.24902 0.0844317 -0.24017 -0.0915364 0.962721
4.69815 -0.22448 -3.2575 0.092077 -0.209418 -0.0836942 0.969887
4.63639 -0.179972 -3.26275 0.100367 -0.174981 -0.0774408 0.976387
4.63114 -0.128108 -3.28346 0.116278 -0.159675 -0.0670218 0.978014
4.63037 -0.0946051 -3.30796 0.129409 -0.159734 -0.0668896 0.976363
4.73284 -0.0406045 -3.36736 0.145705 -0.165413 -0.061668 0.973461
4.83948 0.00431928 -3.43063 0.162444 -0.171121 -0.0556855 0.970179
4.95933 0.0416263 -3.49796 0.178369 -0.177156 -0.0496512 0.96662
5.07735 0.0694808 -3.566 0.194452 -0.182741 -0.0434867 0.962768
5.21344 0.0870172 -3.63187 0.208564 -0.193342 -0.038768 0.957933
3.87479 0.653699 -3.61857 0.349533 -0.144429 0.45564 0.805841
3.95093 0.764365 -3.64114 0.364001 -0.14318 0.458669 0.797901
4.03898 0.871956 -3.65983 0.374785 -0.144448 0.457814 0.793157
4.11631 0.994244 -3.6624 0.390482 -0.145611 0.456959 0.785832
4.19271 1.11174 -3.67 0.401269 -0.145519 0.457957 0.77981
4.27111 1.22986 -3.66857 0.41225 -0.149064 0.456079 0.774496
4.34696 1.34298 -3.67637 0.418888 -0.151458 0.45354 0.771957
4.41377 1.44367 -3.67608 0.425983 -0.153095 0.452243 0.768504
4.48635 1.54419 -3.67406 0.430823 -0.156973 0.447628 0.767725
4.55234 1.63555 -3.67479 0.433505 -0.160227 0.44453 0.767343
4.6047 1.72041 -3.67753 0.434481 -0.161989 0.44359 0.766965
4.65479 1.80284 -3.67857 0.43342 -0.163298 0.442018 0.768194
4.72131 1.88413 -3.68062 0.429422 -0.166232 0.440252 0.770819
4.7903 1.99654 -3.68399 0.424417 -0.169941 0.43781 0.774166
4.85935 2.10546 -3.69041 0.416967 -0.173108 0.43459 0.779311
4.917 2.19565 -3.69374 0.409047 -0.176015 0.431044 0.784807
4.97971 2.29586 -3.70114 0.397842 -0.179574 0.427327 0.791763
5.028 2.39356 -3.70911 0.3856 -0.182049 0.423316 0.799373
5.08594 2.49806 -3.71205 0.37277 -0.186112 0.417887 0.80734
5.1233 2.59655 -3.72154 0.358248 -0.187616 0.414209 0.815421
5.18155 2.6992 -3.72621 0.341818 -0.19183 0.409194 0.823981
5.23314 2.79459 -3.71753 0.327494 -0.19622 0.40235 0.832095
5.28781 2.88204 -3.7109 0.309907 -0.200592 0.395637 0.84096
5.33454 2.96895 -3.71328 0.2911 -0.203378 0.389811 0.849686
5.38028 3.02425 -3.71203 0.270432 -0.20581 0.381052 0.859842
5.43403 3.05999 -3.71489 0.246473 -0.209156 0.373727 0.869398
5.47701 3.07774 -3.7175 0.221409 -0.211282 0.364557 0.879464
5.51695 3.11016 -3.72034 0.196803 -0.212183 0.356439 0.88838
5.5642 3.16567 -3.72805 0.172702 -0.212024 0.350147 0.8959
5.61004 3.22167 -3.7346 0.148404 -0.211096 0.346016 0.902057
5.64521 3.28708 -3.74177 0.125238 -0.208743 0.346062 0.906091
5.68843 3.35582 -3.75026 0.101893 -0.206737 0.344037 0.910239
5.73068 3.41965 -3.75895 0.0779208 -0.203436 0.344351 0.913227
5.77229 3.48287 -3.76667 0.0540605 -0.199732 0.343929 0.915924
5.81006 3.54464 -3.77514 0.0312733 -0.19489 0.346457 0.917075
5.8459 3.59915 -3.78309 0.0071112 -0.189386 0.349239 0.917678
5.88135 3.65023 -3.79031 -0.0155809 -0.184042 0.35333 0.917095
5.9059 3.7042 -3.79999 -0.0367546 -0.17712 0.356516 0.91662
5.93993 3.76969 -3.80523 -0.0562788 -0.173416 0.359675 0.915103
5.97567 3.83755 -3.81041 -0.0766149 -0.168203 0.361708 0.913797
6.01007 3.91177 -3.82147 -0.094874 -0.16163 0.367356 0.911012
6.04757 3.99371 -3.8325 -0.112261 -0.155226 0.373516 0.907638
6.08622 4.06907 -3.83857 -0.13118 -0.149176 0.383824 0.901797
6.13376 4.16628 -3.85509 -0.147281 -0.145144 0.389099 0.897699
6.1766 4.26274 -3.86791 -0.164176 -0.138584 0.390876 0.895029
6.21474 4.35042 -3.88244 -0.18117 -0.130039 0.395911 0.89081
6.26635 4.45434 -3.89761 -0.196443 -0.123046 0.40297 0.885384
6.31972 4.57577 -3.9226 -0.2081 -0.115801 0.405805 0.882398
6.38214 4.68889 -3.94202 -0.223659 -0.109732 0.409385 0.877702
6.33244 5.01609 -3.93846 -0.278225 -0.161131 0.483038 0.814447
6.38357 5.15351 -3.96741 -0.290093 -0.156979 0.485102 0.809878
6.41882 5.2925 -4.00481 -0.298482 -0.150273 0.489771 0.805279
6.47463 5.42727 -4.04001 -0.306404 -0.146272 0.495784 0.799339
6.52654 5.58091 -4.07964 -0.314525 -0.140448 0.500248 0.794433
6.59279 5.73897 -4.11824 -0.322845 -0.138043 0.503286 0.789583
6.65149 5.90779 -4.16394 -0.329685 -0.13384 0.505187 0.786259
6.72623 6.08164 -4.21357 -0.333335 -0.132988 0.510941 0.78113
6.79451 6.26577 -4.26327 -0.338042 -0.131045 0.513096 0.778017
6.8521 6.45326 -4.31814 -0.341244 -0.12685 0.513506 0.777044
6.9109 6.65007 -4.37011 -0.344162 -0.12237 0.515105 0.775415
6.97963 6.86695 -4.43424 -0.34279 -0.120641 0.517334 0.77481
7.02882 7.07386 -4.48742 -0.343603 -0.114896 0.518021 0.774864
7.09642 7.29473 -4.53911 -0.344498 -0.112215 0.519346 0.773972
7.16378 7.50889 -4.59256 -0.345649 -0.108685 0.520885 0.772928
7.23729 7.74335 -4.65184 -0.343821 -0.107227 0.523375 0.772264
7.31182 7.97058 -4.7092 -0.343718 -0.104385 0.524733 0.771778
7.3933 8.19479 -4.76801 -0.345081 -0.101754 0.524761 0.771502
7.47798 8.42835 -4.84008 -0.343031 -0.099383 0.525889 0.771957
7.57956 8.67519 -4.92092 -0.340467 -0.0998611 0.527876 0.771675
7.6884 8.89986 -5.00579 -0.340995 -0.0966826 0.528584 0.771361
7.81343 9.13543 -5.10732 -0.340309 -0.0953148 0.529067 0.771504
7.94183 9.35954 -5.21467 -0.339964 -0.092421 0.530943 0.770719
8.0772 9.58186 -5.33144 -0.33845 -0.0908411 0.531785 0.770992
8.23528 9.78341 -5.43181 -0.339459 -0.0893769 0.532619 0.770144
8.36839 9.7962 -5.38632 -0.341779 -0.0884258 0.532084 0.769597
8.29181 9.60683 -5.21783 -0.339272 -0.0896024 0.532184 0.770501
8.21366 9.39136 -5.06011 -0.339418 -0.0906465 0.532156 0.770334
8.13165 9.17256 -4.92402 -0.33861 -0.0918748 0.532375 0.770393
8.04819 8.93725 -4.80135 -0.339347 -0.0923842 0.531426 0.770663
7.96017 8.69445 -4.69701 -0.33988 -0.0910361 0.532017 0.77018
7.89027 8.4468 -4.60644 -0.34028 -0.0918005 0.531943 0.769964
7.81986 8.18882 -4.52135 -0.342739 -0.0910595 0.532209 0.768777
7.74955 7.93819 -4.4526 -0.343711 -0.0905423 0.532237 0.768384
7.67763 7.68439 -4.38399 -0.345592 -0.08836 0.530407 0.76906
7.60352 7.42426 -4.32011 -0.34805 -0.0863122 0.528858 0.769251
7.53194 7.16124 -4.26266 -0.349794 -0.08529 0.5273 0.769643
7.46245 6.89639 -4.20241 -0.35176 -0.0821821 0.526257 0.769798
7.41168 6.63316 -4.13682 -0.356382 -0.0827354 0.52558 0.768074
7.32385 6.39257 -4.0849 -0.359089 -0.0799548 0.519656 0.771133
7.25227 6.14283 -4.03039 -0.361537 -0.0789413 0.516178 0.772428
7.17368 5.90092 -3.97571 -0.364953 -0.0767713 0.512903 0.773222
7.09659 5.638 -3.91739 -0.369783 -0.0726976 0.510747 0.772748
7.0228 5.38558 -3.85876 -0.375461 -0.0700101 0.508403 0.771803
6.94105 5.14509 -3.80644 -0.379597 -0.0674994 0.506887 0.771001
6.85766 4.87945 -3.75411 -0.38397 -0.0625074 0.504916 0.770549
6.77354 4.61665 -3.69808 -0.389165 -0.0574725 0.502262 0.77007
6.67273 4.35571 -3.64462 -0.393315 -0.0481784 0.498616 0.770968
6.59498 4.09859 -3.58309 -0.402163 -0.0437068 0.494294 0.769451
6.51437 3.85759 -3.53212 -0.405022 -0.0369271 0.495094 0.76779
6.45019 3.59758 -3.46872 -0.410721 -0.0318076 0.49412 0.765617
6.37793 3.34377 -3.4046 -0.41791 -0.0281364 0.490821 0.76399
5.99475 3.02917 -3.27089 -0.446093 0.104294 0.332876 0.824222
5.75761 2.92177 -3.20576 -0.447601 0.121243 0.286247 0.838475
5.52566 2.80125 -3.13231 -0.451545 0.130935 0.260289 0.843348
5.28586 2.65952 -3.05743 -0.452445 0.137539 0.249726 0.845007
5.07776 2.50943 -2.98431 -0.453299 0.138389 0.246278 0.845422
4.87726 2.34011 -2.90365 -0.454123 0.141182 0.245444 0.844761
4.71239 2.16578 -2.82238 -0.45681 0.140898 0.247201 0.842845
4.52882 2.01047 -2.74899 -0.453889 0.145167 0.244307 0.844541
3.94463 2.18497 -2.68194 -0.480539 0.174583 0.0628649 0.857132
3.90757 2.19179 -2.65142 -0.48095 0.174381 0.0520605 0.857666
3.67095 2.21242 -2.60571 -0.480624 0.194011 0.00431061 0.855198
3.40478 2.19661 -2.55265 -0.477509 0.194243 0.000756688 0.8569
3.14751 2.18928 -2.49439 -0.472935 0.198451 0.0023902 0.858467
2.90854 2.19467 -2.42618 -0.47109 0.205938 -0.00607826 0.8577
2.67119 2.18888 -2.36554 -0.466356 0.204363 -0.00502493 0.860665
2.43047 2.1761 -2.30011 -0.460278 0.202841 0.000858831 0.864303
2.19615 2.16777 -2.23785 -0.451876 0.199829 0.00875094 0.86938
1.82378 2.64406 -2.31852 -0.414207 0.220197 -0.319575 0.823311
1.85294 2.85747 -2.40821 -0.314833 0.109828 -0.605214 0.722883
1.88884 2.95959 -2.42018 -0.280712 0.100429 -0.679296 0.6706
1.93178 2.66486 -2.27565 -0.39732 -0.0499739 -0.695044 0.597148
1.92798 2.77604 -2.41645 -0.408655 -0.0889805 -0.716976 0.557731
1.92739 2.87803 -2.57876 -0.416344 -0.109552 -0.706889 0.561248
1.92967 2.91442 -2.72704 -0.422751 -0.125589 -0.679438 0.586433
1.90875 2.97969 -2.88243 -0.426808 -0.13214 -0.675517 0.586585
1.87416 3.09673 -3.05082 -0.429984 -0.136313 -0.672789 0.586444
1.84586 3.24272 -3.227 -0.432321 -0.140926 -0.668794 0.588201
1.81988 3.37834 -3.3979 -0.434665 -0.145498 -0.663951 0.590842
1.79559 3.52044 -3.56287 -0.437873 -0.150521 -0.658271 0.593563
1.77531 3.68497 -3.7359 -0.437804 -0.153784 -0.655154 0.59622
1.753 3.86121 -3.90332 -0.43762 -0.156146 -0.652516 0.59863
1.71686 4.04746 -4.05816 -0.438673 -0.156273 -0.650291 0.600245
1.69802 4.23854 -4.1982 -0.439141 -0.158445 -0.647701 0.60213
1.68157 4.43811 -4.33489 -0.436806 -0.160332 -0.647092 0.60398
1.64949 4.64201 -4.44146 -0.43776 -0.161233 -0.646376 0.603817
1.62071 4.82939 -4.53019 -0.438592 -0.163374 -0.64551 0.603565
1.58073 5.02994 -4.60466 -0.440001 -0.163312 -0.64485 0.603261
1.55962 5.21785 -4.66276 -0.439545 -0.166364 -0.644607 0.603018
1.52798 5.41381 -4.71648 -0.438757 -0.1673 -0.645372 0.602515
1.49377 5.59901 -4.75021 -0.438645 -0.167954 -0.646285 0.601434
1.45684 5.77881 -4.77928 -0.439023 -0.168174 -0.647886 0.599372
1.43729 5.96172 -4.81813 -0.436574 -0.169442 -0.650537 0.597931
1.4166 6.14167 -4.84856 -0.433875 -0.169851 -0.653108 0.596976
1.38472 6.30733 -4.88525 -0.431998 -0.168538 -0.65557 0.59601
1.36493 6.4743 -4.91568 -0.429497 -0.167199 -0.658377 0.5951
1.34418 6.62407 -4.95491 -0.426401 -0.165593 -0.661114 0.594742
1.30867 6.78851 -4.96409 -0.42532 -0.161917 -0.663001 0.594427
1.29423 6.9397 -4.9823 -0.422253 -0.159589 -0.665563 0.594381
1.27278 7.07746 -4.9865 -0.419915 -0.158037 -0.668263 0.593422
1.24606 7.22245 -5.00019 -0.417388 -0.15476 -0.670754 0.593258
1.21651 7.34486 -4.97654 -0.418211 -0.150902 -0.67089 0.593518
1.19606 7.4544 -4.95582 -0.417888 -0.149059 -0.67214 0.592798
1.17437 7.56202 -4.9124 -0.419413 -0.146365 -0.671486 0.593133
1.14524 7.65694 -4.89624 -0.419357 -0.143637 -0.672082 0.593164
1.13002 7.76399 -4.87875 -0.418385 -0.141653 -0.672757 0.593562
1.11847 7.85952 -4.85869 -0.417669 -0.139687 -0.672946 0.594318
1.09647 7.9384 -4.82825 -0.418274 -0.137976 -0.672484 0.594815
1.10578 8.02399 -4.82485 -0.416009 -0.138002 -0.672661 0.596195
1.0686 8.10382 -4.79772 -0.417738 -0.13477 -0.67159 0.596934
1.05958 8.18173 -4.79446 -0.416752 -0.133972 -0.670979 0.598488
1.0682 8.25174 -4.78473 -0.415752 -0.134218 -0.670201 0.599998
1.03966 8.31767 -4.77566 -0.417358 -0.132657 -0.66857 0.60105
1.01337 8.379 -4.75824 -0.419821 -0.131302 -0.666147 0.602321
1.01283 8.44132 -4.78119 -0.419084 -0.131967 -0.664778 0.604199
1.01269 8.47956 -4.74738 -0.422779 -0.133774 -0.660341 0.60609
0.982191 8.52699 -4.73975 -0.427288 -0.133466 -0.65655 0.607114
0.980258 8.57772 -4.75447 -0.429149 -0.135636 -0.653777 0.608311
0.98002 8.60617 -4.76304 -0.433136 -0.139986 -0.648841 0.609782
0.998188 8.62331 -4.78948 -0.435802 -0.145557 -0.644242 0.611453
0.985837 8.64114 -4.76754 -0.443252 -0.150659 -0.637538 0.611889
0.986615 8.66532 -4.75876 -0.449793 -0.156414 -0.631326 0.612112
0.983285 8.67674 -4.76467 -0.456428 -0.163017 -0.624552 0.612427
0.972184 8.70567 -4.77939 -0.46313 -0.168628 -0.617744 0.612782
0.955514 8.72898 -4.79133 -0.471042 -0.17429 -0.610483 0.612444
0.938947 8.74341 -4.81937 -0.47884 -0.180437 -0.603089 0.611941
0.922995 8.77712 -4.80648 -0.488633 -0.187539 -0.594647 0.610324
0.918815 8.8083 -4.8007 -0.497257 -0.194848 -0.585686 0.609735
0.930678 8.84381 -4.79947 -0.505477 -0.203176 -0.576509 0.609003
0.928333 8.89099 -4.79798 -0.513851 -0.210223 -0.567914 0.607678
0.937858 8.92791 -4.80683 -0.521002 -0.218255 -0.55951 0.606552
0.931401 8.98173 -4.79758 -0.529376 -0.224009 -0.5513 0.604719
0.910444 9.05004 -4.81429 -0.536239 -0.227976 -0.545259 0.602663
0.905189 9.11052 -4.84456 -0.540958 -0.232653 -0.539859 0.601518
0.916443 9.16761 -4.84057 -0.546604 -0.236977 -0.533333 0.600547
0.909315 9.25287 -4.84011 -0.55185 -0.239494 -0.529002 0.598578
0.915573 9.33794 -4.8124 -0.557783 -0.240995 -0.524027 0.59685
0.884592 9.43492 -4.79387 -0.562718 -0.239038 -0.522202 0.594597
0.896057 9.52469 -4.78028 -0.56543 -0.237503 -0.520638 0.59401
0.871186 9.6172 -4.73201 -0.569844 -0.233534 -0.520367 0.5916
0.845138 9.72116 -4.71169 -0.572144 -0.22752 -0.522881 0.589504
0.833744 9.83901 -4.67543 -0.573702 -0.220158 -0.526251 0.587784
0.794517 9.97086 -4.63081 -0.57481 -0.209514 -0.53205 0.585367
0.767342 10.1003 -4.60062 -0.573847 -0.198056 -0.539181 0.583775
0.731618 10.228 -4.52852 -0.574587 -0.184408 -0.545826 0.581338
0.697398 10.3761 -4.44338 -0.574928 -0.169739 -0.553277 0.578418
0.657 10.5463 -4.38398 -0.572428 -0.153437 -0.563226 0.575844
0.635271 10.6928 -4.27291 -0.57147 -0.137998 -0.570698 0.573342
0.598699 10.8636 -4.19019 -0.56788 -0.121977 -0.580952 0.570236
0.563856 11.0182 -4.0977 -0.56416 -0.106884 -0.59037 0.567278
0.523476 11.1741 -3.98292 -0.561666 -0.0923028 -0.599559 0.562657
0.496538 11.3282 -3.86984 -0.557136 -0.0783789 -0.60812 0.560081
0.451271 11.5049 -3.75465 -0.55231 -0.0629422 -0.617351 0.5567
0.409138 11.6848 -3.61531 -0.547656 -0.048229 -0.626203 0.552868
0.366989 11.8579 -3.4868 -0.542501 -0.034247 -0.634885 0.549078
0.333374 12.0072 -3.34997 -0.538269 -0.0224186 -0.642022 0.545544
0.29237 12.1568 -3.1961 -0.535901 -0.0107972 -0.647834 0.541345
0.284417 12.2793 -3.06756 -0.531415 -0.00448741 -0.653537 0.538996
0.248425 12.4177 -2.90921 -0.529758 0.00353076 -0.65809 0.535082
0.239609 12.5377 -2.78696 -0.526235 0.00577685 -0.662578 0.532997
0.238154 12.6468 -2.64652 -0.525315 0.00610837 -0.664366 0.531675
0.216893 12.7826 -2.53023 -0.523749 0.00512007 -0.667193 0.529686
0.192446 12.9377 -2.44018 -0.522407 0.0031142 -0.670383 0.526995
0.169367 13.0812 -2.31599 -0.525063 -0.00122473 -0.669658 0.525283
0.147185 13.2367 -2.23228 -0.526459 -0.00894369 -0.669153 0.524456
0.116725 13.405 -2.16913 -0.527815 -0.0183074 -0.66842 0.523785
0.123945 13.4244 -2.28428 -0.514685 -0.0222192 -0.666315 0.539156
0.0825741 13.6156 -2.2216 -0.518849 -0.0339126 -0.664184 0.537183
0.0782758 13.7082 -2.29602 -0.511173 -0.0376546 -0.659748 0.549613
0.127475 13.6978 -2.45524 -0.497516 -0.0454708 -0.651469 0.571012
0.122715 13.9095 -2.41851 -0.501936 -0.0618788 -0.646765 0.570951
0.11787 14.1108 -2.36946 -0.509297 -0.0816696 -0.639772 0.569823
0.147071 14.298 -2.33878 -0.515689 -0.10466 -0.630603 0.570537
0.11606 14.5339 -2.29844 -0.524425 -0.123193 -0.623486 0.56668
0.146273 14.7309 -2.25912 -0.532734 -0.147062 -0.61183 0.565943
0.14527 14.9284 -2.21502 -0.541927 -0.170407 -0.599909 0.563425
0.184001 15.1178 -2.19997 -0.548779 -0.195366 -0.586441 0.562869
0.184386 15.3284 -2.15172 -0.558778 -0.218467 -0.572466 0.558912
0.206018 15.5272 -2.06624 -0.570431 -0.243462 -0.554728 0.554682
0.244386 15.7143 -2.05365 -0.576671 -0.268762 -0.537969 0.553054
0.231757 15.906 -2.027 -0.5852 -0.291329 -0.521669 0.548264
0.27695 16.0783 -2.00068 -0.591607 -0.316765 -0.502172 0.545479
0.300162 16.2733 -1.96319 -0.599438 -0.340237 -0.48214 0.540848
0.323294 16.4724 -1.95205 -0.605031 -0.363122 -0.462715 0.536692
0.328951 16.648 -1.93884 -0.611051 -0.385059 -0.442566 0.531551
0.3106 16.8353 -1.91413 -0.618572 -0.404991 -0.422308 0.524474
0.320903 17.0253 -1.90595 -0.624282 -0.424533 -0.401058 0.518905
0.334467 17.2012 -1.89355 -0.629611 -0.444245 -0.378864 0.512607
0.317104 17.3884 -1.88813 -0.635232 -0.46135 -0.357908 0.505576
0.298317 17.5704 -1.90801 0.638743 0.478246 0.338869 -0.498504
0.301408 17.7498 -1.9032 0.642246 0.495178 0.317852 -0.491262
0.334868 17.9279 -1.88833 0.645272 0.511793 0.29446 -0.484806
0.310986 18.0882 -1.88651 0.648483 0.524824 0.275138 -0.477892
0.322832 18.2658 -1.92406 0.649755 0.53647 0.255625 -0.474053
0.343424 18.4656 -1.9413 0.65118 0.547933 0.23579 -0.469244
0.35521 18.6252 -2.00114 0.650146 0.556592 0.219062 -0.468594
0.344393 18.7861 -2.0054 0.651695 0.564883 0.201789 -0.464259
0.343163 18.9926 -1.99424 0.654172 0.572186 0.184855 -0.458853
0.35199 19.1478 -1.98873 0.655143 0.578077 0.169439 -0.456028
0.341294 19.3366 -1.98149 0.656986 0.583306 0.155557 -0.451645
0.333647 19.5079 -1.97472 0.65784 0.587717 0.143426 -0.448691
0.334347 19.6799 -1.96942 0.657801 0.591818 0.133359 -0.446457
0.310509 19.8399 -1.95526 0.65843 0.594603 0.126161 -0.443916
0.30175 19.9983 -1.93651 0.658507 0.597319 0.119025 -0.442123
0.298795 20.1523 -1.91161 0.658269 0.600269 0.113197 -0.440008
0.267029 20.3084 -1.894 0.659123 0.601613 0.110467 -0.437584
0.240194 20.4728 -1.8817 0.659679 0.602193 0.108156 -0.436523
0.240495 20.6354 -1.86813 0.658625 0.603349 0.105516 -0.437166
0.22743 20.7973 -1.84903 0.658011 0.604044 0.103863 -0.437528
0.208588 20.9753 -1.84696 0.657008 0.604688 0.102903 -0.438372
0.186669 21.1504 -1.82396 0.656294 0.605456 0.102741 -0.438419
0.172848 21.3343 -1.81816 0.655058 0.606097 0.102643 -0.439405
0.144131 21.5187 -1.81292 0.653499 0.607107 0.103288 -0.440181
0.11121 21.7026 -1.80789 0.651565 0.60898 0.104542 -0.440165
0.102957 21.8896 -1.79547 0.647973 0.612403 0.103058 -0.441067
0.0688113 22.0702 -1.79016 0.645472 0.614658 0.104006 -0.441376
0.0480165 22.2523 -1.78504 0.642818 0.616796 0.102602 -0.442594
0.0171645 22.4376 -1.7714 0.639947 0.619983 0.101908 -0.442464
-0.0047129 22.6223 -1.7669 0.63654 0.623391 0.0994704 -0.443146
-0.0342865 22.8138 -1.76623 0.632724 0.627922 0.0971572 -0.442727
-0.0596923 23.0088 -1.75679 0.628526 0.633802 0.0942498 -0.440955
-0.0504669 23.2161 -1.72336 0.623182 0.641832 0.0883119 -0.438144
-0.0537345 23.4037 -1.66686 0.618601 0.649662 0.0813727 -0.434426
-0.084626 23.5958 -1.64322 0.61364 0.657615 0.0756383 -0.430513
-0.0981304 23.7975 -1.63048 0.608612 0.664919 0.0680832 -0.427682
-0.10494 23.9972 -1.56309 0.602962 0.674813 0.0590457 -0.421487
-0.10801 24.1817 -1.51255 0.598195 0.682473 0.0503055 -0.417055
-0.120255 24.3911 -1.4759 0.592671 0.691282 0.0406964 -0.411444
-0.130708 24.5968 -1.4183 0.587016 0.700361 0.0309648 -0.404994
-0.137131 24.8078 -1.37267 0.581427 0.708938 0.0210736 -0.398721
-0.135116 25.0128 -1.33257 0.575646 0.716961 0.0115076 -0.393114
-0.135326 25.2534 -1.2958 0.569963 0.725221 0.00100072 -0.386352
-0.160044 25.458 -1.27275 0.565009 0.732193 -0.00629553 -0.380382
-0.170897 25.6941 -1.23502 0.560481 0.738922 -0.0151219 -0.373761
-0.165507 25.9257 -1.18793 0.557543 0.744455 -0.0220645 -0.366766
-0.179727 26.1649 -1.13683 0.555093 0.750055 -0.0276054 -0.358607
-0.170439 26.3982 -1.09568 0.552642 0.75409 -0.033936 -0.353347
-0.174864 26.6199 -1.05588 0.550875 0.757189 -0.0388466 -0.348947
-0.222757 26.8082 -0.985453 0.550947 0.759613 -0.0395005 -0.343448
-0.234126 27.0497 -0.921496 0.550526 0.761266 -0.0437603 -0.339928
-0.234178 27.2682 -0.833378 0.551112 0.7612 -0.0461079 -0.338815
-0.239982 27.4468 -0.739054 0.554935 0.75933 -0.0422335 -0.337274
-0.213699 27.6523 -0.643252 0.559391 0.755814 -0.0394786 -0.338143
-0.204562 27.8484 -0.526093 0.565821 0.75131 -0.0344155 -0.338037
-0.19362 28.0194 -0.416126 0.572747 0.745723 -0.0273764 -0.339385
-0.160395 28.1379 -0.304436 0.579777 0.738727 -0.0183001 -0.343337
-0.0788085 28.2929 -0.205642 0.585463 0.731925 -0.0131419 -0.348459
-0.0899211 28.4097 -0.0631579 0.595213 0.723848 -0.00144425 -0.349058
-0.0121951 28.5132 0.044518 0.602156 0.715059 0.00701265 -0.355146
0.0674395 28.6504 0.165674 0.610247 0.705533 0.0132797 -0.360178
0.0999143 28.762 0.307319 0.619406 0.695831 0.0232368 -0.362902
0.104261 28.8186 0.429547 0.629066 0.684715 0.0376127 -0.36621
0.1691 28.8767 0.531986 0.636675 0.67329 0.0485469 -0.372899
0.199262 28.952 0.662052 0.645536 0.661861 0.0597223 -0.376488
0.246595 28.9735 0.752709 0.653041 0.649348 0.0725534 -0.383036
0.325734 29.0347 0.842969 0.660111 0.637497 0.080502 -0.389185
0.310282 29.0886 0.967225 0.668443 0.626415 0.0934817 -0.390056
0.257387 29.1211 1.07419 0.676385 0.615025 0.108731 -0.390538
0.27779 29.1818 1.1556 0.682449 0.605061 0.117791 -0.392915
0.292504 29.2153 1.24459 0.687428 0.595967 0.126458 -0.395432
0.239939 29.253 1.33214 0.693203 0.587302 0.138098 -0.394418
0.23609 29.296 1.39603 0.694342 0.584114 0.147241 -0.393842
0.194425 29.288 1.44106 0.694965 0.580208 0.159189 -0.393869
0.20486 29.2729 1.44095 0.693876 0.57689 0.167481 -0.397209
0.246002 29.3171 1.48189 0.694624 0.575023 0.169708 -0.397665
0.266035 29.3308 1.50069 0.69421 0.573733 0.173025 -0.39882
0.238409 29.3158 1.50867 0.694472 0.571431 0.179197 -0.398943
0.227962 29.3179 1.50611 0.694714 0.570194 0.182633 -0.398734
0.227122 29.3058 1.51508 0.694389 0.569496 0.185308 -0.399063
0.236618 29.3026 1.51768 0.693945 0.56923 0.186291 -0.399758
0.252484 29.3029 1.51087 0.693016 0.569486 0.18635 -0.400977
0.263962 29.3134 1.50861 0.692938 0.569356 0.185709 -0.401592
0.232851 29.2999 1.50806 0.693042 0.568616 0.188079 -0.401358
0.26535 29.3178 1.51296 0.692535 0.56953 0.185151 -0.402299
0.250922 29.3105 1.51801 0.692185 0.569636 0.185591 -0.402548
0.270328 29.3289 1.51896 0.691943 0.570249 0.182828 -0.40336
0.266872 29.3288 1.52937 0.692012 0.570254 0.18194 -0.403636
0.270639 29.3448 1.53974 0.691864 0.571091 0.179823 -0.403655
0.235622 29.3078 1.53535 0.691009 0.570639 0.182161 -0.404709
0.246181 29.3103 1.51848 0.690405 0.570757 0.180306 -0.406403
0.248705 29.3177 1.5262 0.69014 0.571245 0.178582 -0.406929
0.277055 29.3303 1.52335 0.688915 0.572448 0.17558 -0.408617
0.27404 29.3375 1.52969 0.688596 0.57298 0.174396 -0.408917
0.232301 29.3197 1.53506 0.688165 0.572995 0.176732 -0.408619
0.248102 29.327 1.5369 0.687264 0.573741 0.174512 -0.410042
0.230861 29.3423 1.54704 0.687232 0.57411 0.17388 -0.409846
0.236327 29.3407 1.55053 0.686271 0.574479 0.172763 -0.411408
0.209205 29.322 1.55225 0.685496 0.573904 0.174113 -0.412933
0.197797 29.3368 1.57521 0.685311 0.574258 0.173059 -0.413192
0.204316 29.3744 1.60611 0.685268 0.575221 0.170051 -0.413171
0.226406 29.3957 1.60515 0.684068 0.575939 0.167382 -0.415246
0.214094 29.4242 1.64135 0.683742 0.576959 0.165711 -0.415039
0.210543 29.4554 1.67208 0.682977 0.578454 0.163555 -0.415073
0.188622 29.4687 1.69011 0.681918 0.579462 0.163461 -0.415444
0.197518 29.5071 1.7225 0.680588 0.581446 0.160349 -0.416065
0.188543 29.544 1.77256 0.679479 0.583843 0.158002 -0.415418
0.165374 29.5593 1.78419 0.677198 0.585632 0.157736 -0.416725
0.166128 29.5923 1.81337 0.674838 0.588435 0.155259 -0.417535
0.127096 29.6237 1.87248 0.673222 0.59147 0.154886 -0.415993
0.111738 29.6529 1.89988 0.670126 0.59486 0.153108 -0.416817
0.107108 29.6895 1.93308 0.666724 0.598902 0.150218 -0.417536
0.0941902 29.7301 1.98124 0.662847 0.603806 0.147201 -0.417721
0.0522671 29.7635 2.03302 0.659354 0.608662 0.14613 -0.416582
0.0382732 29.8224 2.06654 0.654891 0.614403 0.142308 -0.416517
-0.00488687 29.8546 2.10489 0.650057 0.620295 0.141038 -0.415791
-0.102864 29.9066 2.1805 0.647425 0.626362 0.141289 -0.410688
-0.160269 29.931 2.2073 0.642541 0.632177 0.140355 -0.409769
-0.280861 29.9852 2.26702 0.639235 0.639154 0.140887 -0.403895
-0.39303 30.033 2.30843 0.635786 0.645627 0.14084 -0.399019
-0.427778 30.1233 2.33378 0.630478 0.65416 0.133835 -0.395941
-0.535503 30.1852 2.36534 0.626664 0.661577 0.132028 -0.390238
-0.524198 30.3415 2.3916 0.621162 0.671904 0.117744 -0.385939
-0.64632 30.4134 2.40239 0.617839 0.679446 0.114901 -0.378861
-0.72782 30.4853 2.40151 0.613072 0.687542 0.108957 -0.373718
-0.791333 30.5731 2.39541 0.60803 0.696287 0.100364 -0.368128
-0.854305 30.6839 2.36975 0.603449 0.705134 0.0897084 -0.361516
-0.961759 30.8084 2.36378 0.600105 0.714436 0.0800916 -0.350923
-1.02584 30.9464 2.34917 0.59572 0.724113 0.06633 -0.341299
-1.07934 31.078 2.32294 0.591877 0.732388 0.0515891 -0.332766
-1.15511 31.1993 2.292 0.587986 0.741153 0.0373631 -0.321985
-1.20161 31.317 2.23563 0.583803 0.748872 0.0207146 -0.313115
-1.26137 31.5047 2.22108 0.58118 0.756925 -0.000738498 -0.298999
-1.31227 31.6609 2.18338 0.577942 0.76374 -0.0215755 -0.286922
-1.38607 31.8339 2.13762 0.575399 0.770281 -0.0429563 -0.271741
-1.41594 31.9969 2.08446 0.57098 0.77618 -0.0662269 -0.259318
-1.46104 32.1678 2.04712 0.567769 0.781123 -0.0882581 -0.244542
-1.5062 32.3334 1.99933 0.565565 0.784828 -0.108879 -0.22898
-1.51316 32.5403 1.96283 0.563622 0.787477 -0.131386 -0.212261
-1.45583 32.7359 1.93478 0.558065 0.790499 -0.156227 -0.19843
-1.42085 32.9392 1.92812 0.554468 0.791825 -0.17904 -0.183383
-1.41653 33.1279 1.93128 0.553162 0.791161 -0.199288 -0.168724
-1.39659 33.3394 1.92317 0.549246 0.790546 -0.222087 -0.155409
-1.41263 33.5432 1.92643 0.548021 0.788542 -0.241396 -0.140398
-1.42439 33.75 1.91971 0.546414 0.786038 -0.260177 -0.126468
-1.43642 33.9614 1.91452 0.545115 0.782844 -0.278071 -0.113109
-1.44622 34.1776 1.90477 0.547142 0.77698 -0.295136 -0.0997292
-1.45091 34.4028 1.86999 0.548949 0.770532 -0.312174 -0.0871602
-1.46674 34.6253 1.84043 0.551463 0.76448 -0.325462 -0.0751626
-1.47637 34.8593 1.79462 0.553303 0.758778 -0.337628 -0.0650854
-1.46879 35.0851 1.72926 0.55433 0.753957 -0.34778 -0.0586169
-1.45935 35.3088 1.67625 0.555635 0.750374 -0.354104 -0.0542109
-1.47346 35.524 1.60619 0.563459 0.744171 -0.355999 -0.0459287
-1.44379 35.7471 1.52592 0.570699 0.738468 -0.356924 -0.0411749
-1.43357 35.9944 1.44502 0.579818 0.732386 -0.3555 -0.0341504
-1.45271 36.2178 1.3495 0.591906 0.726134 -0.34882 -0.028743
-1.40465 36.4839 1.26415 0.602301 0.718835 -0.346323 -0.0264171
-1.34081 36.7558 1.16745 0.61304 0.710769 -0.344167 -0.0258258
-1.27195 36.9897 1.0706 0.626464 0.702847 -0.335723 -0.0311498
-1.20731 37.259 0.95164 0.639213 0.693858 -0.329882 -0.0357601
-1.17707 37.4936 0.843541 0.651607 0.688821 -0.315098 -0.0421928
-1.15433 37.6723 0.785196 0.660824 0.682905 -0.30841 -0.0444055
-1.1324 37.423 0.971822 0.67476 0.674731 -0.293733 -0.0573969
-1.1198 37.2292 1.13737 0.68833 0.664722 -0.282622 -0.0678927
-1.10061 37.0561 1.28732 0.700165 0.654469 -0.274698 -0.0782052
-1.16281 36.9308 1.4315 0.70927 0.649567 -0.262244 -0.0797585
-1.12454 36.7429 1.62171 0.720311 0.639719 -0.250015 -0.0976552
-1.12352 36.5373 1.79674 0.729666 0.631901 -0.235363 -0.114119
-1.15915 36.3519 1.96184 0.735829 0.627636 -0.220464 -0.127099
-1.15364 36.172 2.1327 0.742987 0.619578 -0.209208 -0.143018
-1.16016 35.9881 2.27924 0.74674 0.614649 -0.198185 -0.159489
-1.15595 35.8051 2.44549 0.750165 0.610453 -0.184322 -0.175361
-1.16036 35.6355 2.60274 0.746168 0.616936 -0.16453 -0.188894
-1.12805 35.4411 2.77031 0.742773 0.620739 -0.144959 -0.205151
-1.13128 35.2646 2.9296 0.739353 0.624978 -0.124446 -0.217723
-1.13101 35.0819 3.10176 0.735541 0.628761 -0.103335 -0.230418
-1.10481 34.8869 3.26616 0.73259 0.629933 -0.0835393 -0.244234
-1.11866 34.7094 3.43888 0.730151 0.631138 -0.0622417 -0.254563
-1.12498 34.5339 3.5969 0.727618 0.631458 -0.0421026 -0.264942
-1.05958 34.3581 3.74138 0.723084 0.631583 -0.0270171 -0.27867
-1.04618 34.2207 3.92359 0.720844 0.631062 -0.0100542 -0.286669
-1.00324 34.0431 4.08393 0.718068 0.629057 0.00648619 -0.297925
-0.895988 33.9021 4.21032 0.714141 0.627218 0.0171112 -0.310555
-0.859692 33.7244 4.37894 0.711217 0.624742 0.033999 -0.320703
-0.828533 33.5705 4.56202 0.709748 0.621738 0.0493464 -0.327729
-0.785377 33.4471 4.74377 0.7084 0.618902 0.0625421 -0.33371
-0.758223 33.4296 4.85156 0.708983 0.617373 0.070593 -0.333699
-0.721723 33.4539 4.98198 0.709895 0.616493 0.0771546 -0.331928
-0.705392 33.3512 5.16302 0.709801 0.61309 0.0912213 -0.334851
-0.689076 33.3434 5.27773 0.713831 0.609595 0.0985045 -0.330575
-0.669538 33.2222 5.46641 0.715099 0.604617 0.113534 -0.332151
-0.665881 33.2066 5.59389 0.718428 0.601327 0.12355 -0.327329
-0.64484 33.3173 5.68861 0.722642 0.601965 0.126071 -0.315712
-0.659139 33.3739 5.80681 0.729055 0.599723 0.130478 -0.303193
-0.668867 33.4111 5.91102 0.734696 0.596175 0.138873 -0.292659
-0.534155 33.4167 5.95265 0.732126 0.598767 0.140237 -0.29316
-0.492366 33.3378 6.15386 0.733855 0.595448 0.153939 -0.288686
-0.40935 33.365 6.12225 0.730758 0.600229 0.15541 -0.28584
-0.359714 33.2753 6.30697 0.732526 0.596164 0.169967 -0.281503
-0.293992 33.3003 6.3158 0.733482 0.595825 0.174539 -0.276897
-0.300849 33.3243 6.34532 0.739647 0.590325 0.183139 -0.266524
-0.183594 33.2893 6.47582 0.74302 0.584602 0.179794 -0.271978
-0.12789 33.2187 6.64244 0.745937 0.578005 0.194905 -0.267652
-0.135084 33.2466 6.6522 0.752093 0.569869 0.205839 -0.25956
-0.105052 33.1782 6.82069 0.756204 0.560817 0.222311 -0.253676
-0.0987 33.1104 7.01153 0.761282 0.550004 0.239044 -0.246855
-0.0452535 33.0261 7.21058 0.76376 0.541669 0.253129 -0.243567
-0.03783 33.015 7.1605 0.763305 0.537389 0.266977 -0.239659
-0.0199326 32.9724 7.07994 0.760123 0.532364 0.284929 -0.240314
-0.168542 33.1224 7.29943 0.795069 0.48936 0.266294 -0.240017
-0.200771 33.0782 7.1484 0.79838 0.454163 0.276565 -0.282782
-0.232043 33.0637 7.06531 0.798823 0.44215 0.293796 -0.283191
-0.230416 33.0696 7.05117 0.80083 0.433713 0.299885 -0.284184
-0.248255 33.0689 6.96226 0.801241 0.422331 0.310252 -0.289
-0.202132 33.019 6.89311 0.796982 0.414925 0.317188 -0.303607
-0.147556 33.0103 6.88962 0.796582 0.408564 0.318957 -0.311334
-0.149091 33.0256 6.91518 0.79657 0.404271 0.333337 -0.301755
-0.0715618 32.9514 7.06467 0.795855 0.391316 0.345412 -0.307091
0.0240323 32.8578 7.26481 0.795186 0.381795 0.354135 -0.310851
0.0540502 32.8159 7.45756 0.797469 0.36385 0.369171 -0.309025
0.169117 32.7055 7.68196 0.796162 0.356399 0.375031 -0.313983
0.259014 32.6493 7.93562 0.797778 0.344839 0.381921 -0.314486
0.35507 32.5541 8.13468 0.794677 0.334729 0.39216 -0.320601
0.467997 32.4464 8.37131 0.792871 0.326093 0.39798 -0.326741
0.580874 32.3319 8.60334 0.78997 0.3182 0.404602 -0.333353
0.665503 32.2137 8.84513 0.787421 0.309408 0.41237 -0.338106
0.74225 32.0826 9.06766 0.783922 0.301075 0.420956 -0.343143
0.843603 31.9301 9.28129 0.779037 0.296049 0.427475 -0.350505
0.918638 31.8049 9.52615 0.776743 0.290671 0.433091 -0.353194
1.01555 31.6672 9.76882 0.774706 0.287041 0.435916 -0.357141
1.11309 31.5396 10.0101 0.772952 0.284262 0.438527 -0.359957
1.19518 31.4195 10.2566 0.771854 0.282808 0.440939 -0.360513
1.3053 31.2899 10.5185 0.771832 0.283802 0.439752 -0.361229
1.41157 31.1673 10.7741 0.77223 0.285672 0.438135 -0.360868
1.5201 31.0511 11.028 0.772931 0.289267 0.435966 -0.359125
1.66334 30.9427 11.3051 0.775303 0.295012 0.429444 -0.357194
1.79393 30.836 11.534 0.7766 0.300527 0.424876 -0.355236
1.92127 30.7321 11.7664 0.777567 0.308045 0.420105 -0.352342
2.06749 30.6469 12.0034 0.779827 0.316452 0.412488 -0.348877
2.19616 30.5542 12.2495 0.782464 0.324685 0.405335 -0.343755
2.29154 30.4346 12.4224 0.781934 0.33246 0.402449 -0.340909
2.41282 30.3457 12.6501 0.784241 0.34189 0.394707 -0.335287
2.50609 30.2601 12.8394 0.784835 0.351461 0.389507 -0.330043
2.62577 30.1863 13.0445 0.786824 0.3613 0.381144 -0.324398
2.74607 30.1048 13.242 0.788365 0.371571 0.372314 -0.319266
2.85577 30.0121 13.4669 0.790346 0.382196 0.363013 -0.312464
2.95885 29.9208 13.667 0.791775 0.392946 0.353966 -0.305821
3.068 29.8377 13.8789 0.793564 0.403381 0.343552 -0.299406
3.17364 29.7617 14.0935 0.795859 0.413596 0.33202 -0.292304
3.30355 29.6655 14.2896 0.796634 0.425197 0.320021 -0.286881
3.42422 29.5705 14.4852 0.797941 0.435547 0.307162 -0.281733
3.54048 29.4672 14.6794 0.798647 0.44593 0.294222 -0.277266
3.67687 29.3772 14.8686 0.798036 0.458356 0.280374 -0.273079
3.80482 29.2734 15.0776 0.798031 0.469692 0.265624 -0.268539
3.92429 29.1596 15.2824 0.797891 0.479985 0.251437 -0.264383
4.0312 29.0556 15.4895 0.797599 0.490192 0.237434 -0.259438
4.15716 29.2128 15.5887 0.797402 0.501636 0.218986 -0.25435
3.87443 29.5558 15.5861 0.829984 0.442044 0.255867 -0.224471
3.68887 29.6926 15.3009 0.825732 0.338973 0.336891 -0.299834
3.66306 29.6876 15.1533 0.806094 0.307655 0.367105 -0.34775
3.65356 29.6488 15.181 0.807454 0.313199 0.359627 -0.347459
3.61728 29.5747 15.2492 0.812555 0.31136 0.366026 -0.330105
3.66043 29.3792 15.3902 0.812325 0.323056 0.354521 -0.331984
3.69158 29.1983 15.5285 0.812265 0.333086 0.344936 -0.332315
3.7125 29.0335 15.6676 0.813721 0.340459 0.335814 -0.330621
3.73955 28.8726 15.7999 0.814452 0.348258 0.327088 -0.329444
3.767 28.7366 15.927 0.815841 0.357027 0.319158 -0.324358
3.78032 28.6037 16.0369 0.816633 0.361329 0.313444 -0.323172
3.72742 28.5992 16.0917 0.822467 0.360422 0.314464 -0.308045
3.72206 28.5174 16.1579 0.822805 0.361037 0.313858 -0.307037
3.65646 28.5223 16.1918 0.827309 0.356704 0.325468 -0.287276
3.60908 28.5105 16.2328 0.830486 0.35358 0.33176 -0.27449
3.55986 28.5163 16.2567 0.832777 0.349536 0.341376 -0.260586
3.55688 28.4826 16.301 0.833607 0.348973 0.343054 -0.256446
3.55493 28.4025 16.3803 0.83446 0.345908 0.346068 -0.253762
3.55188 28.3254 16.4615 0.835245 0.342349 0.350415 -0.250012
3.548 28.2619 16.5361 0.835817 0.338659 0.355403 -0.246053
3.52817 28.2055 16.6045 0.836872 0.33205 0.362409 -0.241208
3.51103 28.1587 16.6688 0.838061 0.324996 0.369223 -0.236303
3.48525 28.1113 16.7312 0.838748 0.317193 0.377767 -0.230903
3.47738 28.0803 16.7915 0.839292 0.312797 0.38362 -0.225203
3.45794 28.0487 16.8464 0.839982 0.305738 0.390777 -0.219958
3.43218 28.0257 16.8905 0.840187 0.298497 0.399173 -0.213964
3.42071 28.0023 16.9343 0.840372 0.293532 0.404678 -0.209723
3.4095 27.9695 16.9788 0.840624 0.288771 0.408851 -0.207214
3.40873 27.9497 17.0208 0.840977 0.28774 0.410508 -0.20391
3.41339 27.9373 17.0529 0.841119 0.288429 0.411274 -0.200782
3.41503 27.9244 17.0757 0.841169 0.288487 0.411577 -0.199868
3.41173 27.9181 17.0913 0.841452 0.288824 0.411117 -0.199136
3.40957 27.9118 17.106 0.842134 0.290353 0.408911 -0.198568
3.40749 27.9069 17.1159 0.842995 0.293072 0.40501 -0.198916
3.40584 27.8972 17.1251 0.844035 0.297931 0.3986 -0.200229
3.40715 27.8843 17.1305 0.844753 0.304395 0.390425 -0.20356
3.39897 27.873 17.1358 0.845928 0.310097 0.38161 -0.206765
3.40605 27.8512 17.149 0.846489 0.320486 0.368818 -0.21178
3.39708 27.8255 17.1593 0.846827 0.329735 0.35651 -0.217236
3.39379 27.8036 17.1838 0.847487 0.341586 0.340903 -0.221363
3.3867 27.7771 17.1998 0.848242 0.351071 0.325078 -0.227357
3.39326 27.7459 17.2236 0.847152 0.366054 0.306085 -0.234059
3.39396 27.7175 17.2524 0.846302 0.380475 0.286017 -0.239456
3.39743 27.6795 17.2754 0.844022 0.39527 0.266129 -0.246372
3.40155 27.6505 17.3095 0.842293 0.409575 0.244199 -0.251582
3.38879 27.6157 17.3398 0.840427 0.421408 0.22382 -0.257174
3.37817 27.5833 17.3748 0.837974 0.433393 0.203358 -0.262209
3.37735 27.5446 17.4164 0.834642 0.445903 0.181436 -0.267886
3.37697 27.4975 17.4558 0.830132 0.458203 0.160543 -0.274404
3.36265 27.4559 17.4976 0.826 0.468729 0.141012 -0.279776
3.35859 27.4189 17.532 0.821514 0.47838 0.121961 -0.285545
3.33341 27.3736 17.5705 0.817595 0.485685 0.106404 -0.290639
3.33123 27.3375 17.6137 0.812753 0.494047 0.0890319 -0.295921
3.33485 27.3043 17.6521 0.807817 0.501484 0.0732954 -0.301198
3.33598 27.262 17.6911 0.803341 0.507042 0.0593703 -0.306879
3.33003 27.2255 17.736 0.799332 0.511588 0.0474198 -0.311845
3.31395 27.1889 17.7738 0.796865 0.513254 0.0384446 -0.316623
3.30592 27.1642 17.8156 0.794283 0.5152 0.0301088 -0.320827
3.30559 27.1409 17.8563 0.791765 0.51668 0.0230893 -0.325225
3.30424 27.1275 17.8888 0.789108 0.517967 0.0176033 -0.329947
3.28023 27.0988 17.9284 0.787533 0.517719 0.0156709 -0.33417
3.2641 27.0724 17.9681 0.786417 0.516609 0.0142689 -0.338552
3.24685 27.0401 18.0119 0.786413 0.514192 0.0143849 -0.342216
3.21745 27.0132 18.0603 0.787116 0.511423 0.016358 -0.344652
3.20214 26.9799 18.0966 0.787531 0.508105 0.0189961 -0.348454
3.1828 26.9501 18.1362 0.788208 0.504568 0.022531 -0.351837
3.15236 26.9232 18.175 0.789968 0.499932 0.0276389 -0.354137
3.13345 26.8941 18.2099 0.791305 0.495355 0.0327798 -0.357131
3.12601 26.8637 18.2436 0.792431 0.491159 0.0380957 -0.359892
3.10742 26.8322 18.2765 0.794177 0.485956 0.0446615 -0.362343
3.07741 26.8003 18.3139 0.796761 0.47985 0.0524405 -0.363762
3.05835 26.7649 18.3469 0.798861 0.473991 0.0598499 -0.365688
3.04534 26.7303 18.3845 0.801235 0.467971 0.0668757 -0.367027
3.02768 26.6918 18.4163 0.80306 0.462537 0.0742606 -0.368504
3.0091 26.6521 18.4549 0.806069 0.455618 0.0816998 -0.368978
2.98789 26.6106 18.4884 0.80627 0.453287 0.0913659 -0.369145
2.96341 26.5724 18.5291 0.806827 0.451538 0.100599 -0.367667
2.9459 26.5319 18.5694 0.807398 0.449551 0.108836 -0.3665
2.93389 26.4913 18.6103 0.807796 0.448314 0.116644 -0.364735
2.91435 26.4507 18.658 0.80925 0.44571 0.123662 -0.362383
2.89534 26.4059 18.7031 0.810665 0.443289 0.130676 -0.359718
2.89016 26.3613 18.7426 0.811003 0.44227 0.136078 -0.358204
2.87731 26.3171 18.7926 0.81198 0.44096 0.141173 -0.355624
2.87058 26.2677 18.8324 0.812417 0.439616 0.146018 -0.354332
2.85131 26.2131 18.8764 0.813373 0.437674 0.150959 -0.35247
2.85294 26.1633 18.9166 0.813139 0.437852 0.15379 -0.351563
2.83245 26.1087 18.961 0.813448 0.437202 0.157567 -0.349983
2.81321 26.0555 19.0048 0.813848 0.436596 0.1601 -0.348658
2.79562 26.007 19.0458 0.814112 0.436037 0.162042 -0.347843
2.7767 25.9541 19.0879 0.814206 0.435943 0.162858 -0.347358
2.73635 25.9032 19.1279 0.814923 0.434422 0.164793 -0.346669
2.71803 25.8539 19.1747 0.814853 0.435153 0.164057 -0.346268
2.69811 25.8062 19.2198 0.814513 0.435999 0.162008 -0.346968
2.67371 25.7538 19.2669 0.814372 0.436618 0.159359 -0.347747
2.66411 25.7051 19.3225 0.813636 0.438768 0.153721 -0.349299
2.64264 25.6561 19.3731 0.808551 0.448181 0.151839 -0.34998
2.6243 25.6053 19.4223 0.802333 0.45933 0.149082 -0.351021
2.63337 25.556 19.4778 0.794073 0.473655 0.143379 -0.353139
2.60848 25.506 19.5297 0.786581 0.486339 0.139409 -0.354257
2.56655 25.4597 19.5937 0.779361 0.499108 0.135341 -0.354034
2.52582 25.4071 19.6526 0.771076 0.512633 0.131041 -0.354472
2.50118 25.3647 19.716 0.761835 0.527508 0.12479 -0.354888
2.47997 25.3153 19.7727 0.751429 0.542976 0.118096 -0.356039
2.4555 25.263 19.831 0.740684 0.558561 0.11103 -0.356725
2.43402 25.216 19.9045 0.729779 0.574455 0.102458 -0.356529
2.41601 25.1787 19.9623 0.718378 0.590419 0.0931828 -0.356155
2.3928 25.1205 20.0181 0.706331 0.605845 0.0844462 -0.356531
2.34083 25.0691 20.0764 0.695912 0.619947 0.0772117 -0.354418
2.34583 25.01 20.1136 0.68257 0.634845 0.0669087 -0.35609
2.34228 24.9439 20.1774 0.670359 0.64904 0.0558788 -0.355606
2.32454 24.8811 20.2323 0.659091 0.662068 0.045428 -0.354109
2.27515 24.8133 20.2733 0.649239 0.67365 0.0374692 -0.351383
2.25195 24.7449 20.3143 0.639106 0.684868 0.02759 -0.349178
2.22816 24.6991 20.3801 0.630636 0.695192 0.0152256 -0.344905
2.21948 24.6415 20.4471 0.62264 0.704465 0.00256983 -0.340919
2.19224 24.5389 20.4675 0.626624 0.702935 -0.012231 -0.336539
2.15759 24.4773 20.5255 0.631092 0.701939 -0.0289672 -0.329169
2.11549 24.3458 20.5198 0.634623 0.700035 -0.0424121 -0.324949
2.08343 24.2501 20.5605 0.637539 0.698837 -0.0575399 -0.319454
2.00553 24.1666 20.6075 0.641788 0.697421 -0.0702797 -0.311395
1.98537 24.0432 20.6506 0.643878 0.695593 -0.084558 -0.3076
1.93929 23.905 20.7102 0.646432 0.693906 -0.0961911 -0.302603
1.95204 23.7039 20.7543 0.647584 0.691348 -0.1073 -0.302266
1.93936 23.6393 20.7697 0.649805 0.689484 -0.12253 -0.295902
1.90183 23.4652 20.8 0.650664 0.688137 -0.131642 -0.293232
1.85541 23.2954 20.8541 0.651729 0.686974 -0.139278 -0.290048
1.79023 23.1418 20.9456 0.653085 0.686239 -0.145615 -0.285596
1.71817 22.9798 21.0463 0.653882 0.685896 -0.150355 -0.282124
1.67844 22.7225 21.1461 0.653781 0.684792 -0.152156 -0.284076
1.58798 22.414 21.2471 0.654229 0.683556 -0.149215 -0.287563
1.47086 22.1654 21.3568 0.65472 0.683371 -0.145975 -0.288563
1.41015 22.1319 21.4162 0.655836 0.681976 -0.152288 -0.286061
1.34918 21.9388 21.5155 0.655488 0.680872 -0.149832 -0.290751
1.22146 21.7764 21.6228 0.655275 0.681203 -0.144244 -0.293269
1.19843 21.6517 21.7263 0.653819 0.680293 -0.142299 -0.299511
1.1075 21.5099 21.833 0.662959 0.671942 -0.137331 -0.300595
1.09937 21.3799 21.888 0.671602 0.661495 -0.135152 -0.305547
1.06296 21.1198 21.9202 0.679695 0.65055 -0.126663 -0.314649
1.06857 20.9132 21.8477 0.686576 0.639631 -0.120422 -0.324392
1.05471 20.6571 21.7337 0.693387 0.628165 -0.11008 -0.335788
1.00992 20.463 21.6315 0.70096 0.616679 -0.0989402 -0.344698
0.971259 20.2493 21.5511 0.708785 0.603623 -0.0859755 -0.355125
0.957459 20.0587 21.4495 0.715393 0.590469 -0.0748784 -0.366324
0.904016 19.8692 21.3649 0.721554 0.577465 -0.0611086 -0.377357
0.945255 19.6413 21.2624 0.725864 0.562005 -0.0509177 -0.393594
0.90581 19.4945 21.1892 0.730763 0.548673 -0.0394005 -0.404508
0.93905 19.2778 21.0491 0.733245 0.532529 -0.0299528 -0.422023
0.88714 19.1179 21.0026 0.738191 0.518049 -0.0178609 -0.431985
0.859902 18.9545 20.9152 0.740552 0.504516 -0.00769818 -0.444092
0.832853 18.7674 20.7953 0.741446 0.490923 0.00268395 -0.457687
0.774259 18.5903 20.7311 0.742613 0.479156 0.0132717 -0.467965
0.7742 18.45 20.6562 0.74263 0.468336 0.0193354 -0.478562
0.73424 18.2888 20.5486 0.741992 0.458209 0.0270479 -0.488873
0.708681 18.1506 20.4701 0.741285 0.449804 0.0327975 -0.497327
0.66744 18.0224 20.3592 -0.740562 -0.442741 -0.0380837 0.504463
0.594255 17.8982 20.2533 -0.737847 -0.442483 -0.0502628 0.507591
0.593793 17.8143 20.141 -0.735058 -0.442468 -0.0553441 0.51111
0.524248 17.7008 20.0115 -0.732716 -0.442148 -0.0631516 0.513838
0.499707 17.5927 19.863 -0.7296 -0.44127 -0.0673266 0.518474
0.464295 17.508 19.7368 -0.727614 -0.440892 -0.0705045 0.521159
0.399577 17.4415 19.5903 -0.7261 -0.44057 -0.073993 0.523056
0.347444 17.4015 19.4715 -0.725196 -0.441253 -0.0758218 0.523471
0.276401 17.3176 19.3057 -0.724105 -0.440746 -0.0762685 0.525346
0.141533 17.2262 19.1116 -0.723613 -0.440353 -0.0798435 0.525824
0.109753 17.276 18.9923 -0.723585 -0.441421 -0.0777693 0.525279
0.00177153 17.1572 18.7823 -0.722915 -0.440698 -0.0770822 0.526908
-0.066148 17.0158 18.5402 -0.720836 -0.437889 -0.0731542 0.532621
-0.201551 16.9893 18.3943 -0.724531 -0.440409 -0.0684203 0.526125
-0.313911 16.9664 18.217 -0.72862 -0.442306 -0.0591782 0.519976
-0.431278 16.8916 18.0419 -0.731259 -0.442761 -0.05352 0.516489
-0.547509 16.8734 17.896 -0.73637 -0.445588 -0.0440736 0.50762
-0.694293 16.7232 17.7036 -0.736549 -0.444832 -0.0438725 0.508041
-0.868061 16.656 17.5543 -0.741092 -0.446281 -0.0415816 0.500308
-1.01487 16.5464 17.3548 0.743145 0.445874 0.0388245 -0.497674
-1.18348 16.3944 17.1498 0.744062 0.445387 0.041267 -0.496541
-1.31291 16.2445 16.922 0.742777 0.445731 0.043086 -0.498001
-1.45099 16.1159 16.6989 0.742015 0.446179 0.0463719 -0.498442
-1.59301 16.0074 16.4745 0.742372 0.44583 0.0509049 -0.497778
-1.6986 15.9137 16.2394 0.742488 0.444244 0.0538627 -0.498711
-1.83729 15.8337 16.0094 0.743767 0.442458 0.0609856 -0.497572
-1.94036 15.7649 15.7753 0.74413 0.440495 0.0671762 -0.497974
-2.03431 15.7263 15.5435 0.745499 0.438092 0.0727553 -0.497261
-2.12292 15.6914 15.2992 0.746078 0.436232 0.0800142 -0.496911
-2.18994 15.6669 15.0573 0.746545 0.433906 0.0859711 -0.497251
-2.23089 15.6544 14.8153 0.746301 0.432333 0.0896281 -0.498342
-2.28716 15.6373 14.5749 0.746745 0.429513 0.0957494 -0.498976
-2.33936 15.6246 14.3406 0.747077 0.427293 0.101829 -0.499181
-2.39458 15.6111 14.0992 0.747549 0.424164 0.107567 -0.499938
-2.44571 15.602 13.8686 -0.748105 -0.420597 -0.112005 0.501326
-2.49734 15.584 13.6443 -0.748763 -0.417788 -0.118391 0.501225
-2.55096 15.5651 13.4261 -0.749566 -0.414825 -0.122804 0.501426
-2.60198 15.5324 13.1965 -0.750135 -0.412357 -0.125692 0.501894
-2.65038 15.4993 12.9877 -0.752155 -0.406432 -0.12773 0.503185
-2.70981 15.4484 12.7686 -0.753801 -0.401727 -0.128972 0.504182
-2.77358 15.3938 12.5601 -0.755217 -0.399373 -0.129899 0.503695
-2.83267 15.3344 12.3564 -0.75591 -0.399061 -0.129693 0.502956
-2.89752 15.2712 12.1548 -0.756376 -0.397912 -0.128653 0.503432
-2.97004 15.2017 11.9541 -0.756669 -0.39715 -0.126702 0.504086
-3.04332 15.1361 11.7653 -0.757167 -0.397257 -0.12358 0.504028
-3.11992 15.0754 11.5888 -0.758178 -0.395932 -0.119643 0.5045
-3.18938 15.0259 11.4467 -0.764362 -0.388452 -0.110824 0.502996
-3.28802 14.9594 11.2815 -0.765272 -0.389172 -0.105272 0.502249
-3.40113 14.8803 11.1138 -0.768673 -0.382762 -0.0996096 0.503132
-3.50338 14.7999 10.9425 -0.770038 -0.380372 -0.0939766 0.503938
-3.5658 14.7196 10.7446 -0.766141 -0.376253 -0.0822989 0.514879
-3.6322 14.653 10.6073 -0.773468 -0.373993 -0.0703181 0.507297
-3.6854 14.5893 10.4754 -0.780622 -0.371098 -0.0562092 0.500181
-3.74012 14.513 10.3235 -0.783724 -0.363287 -0.0428732 0.502376
-3.8087 14.4327 10.1772 -0.787282 -0.355911 -0.032108 0.502891
-3.88865 14.3487 10.0233 -0.787979 -0.348241 -0.023472 0.507616
-3.95465 14.2692 9.88469 -0.788414 -0.345585 -0.013129 0.509124
-4.00584 14.1922 9.75007 -0.784723 -0.34763 -0.00800814 0.513515
-4.04978 14.1354 9.64068 -0.779065 -0.353866 -0.00246295 0.517903
-4.04193 14.128 9.59558 -0.773428 -0.359377 0.00191828 0.522536
-4.02467 14.1327 9.57814 -0.769786 -0.369355 0.00918057 0.520877
-4.03581 14.1159 9.54711 -0.769432 -0.374483 0.00851661 0.517743
-4.04666 14.1009 9.52709 -0.768597 -0.379326 0.00849951 0.515456
-4.03792 14.0846 9.51127 -0.766034 -0.389325 0.00969845 0.511786
-4.03087 14.0634 9.48954 -0.762926 -0.400119 0.0052098 0.508163
-4.01864 14.0429 9.47093 -0.758978 -0.415474 0.00214688 0.501746
-4.04745 13.9658 9.38357 -0.75697 -0.413523 -0.00109982 0.506368
-4.07655 13.8872 9.2971 -0.757138 -0.411485 0.000609166 0.507774
-4.11341 13.809 9.206 -0.756961 -0.405201 -0.00519065 0.513032
-4.15773 13.7346 9.11027 -0.758519 -0.383445 -0.00317422 0.527256
-4.22294 13.6555 9.01787 -0.765235 -0.358538 0.00585329 0.534987
-4.30994 13.5735 8.90065 -0.767253 -0.31239 0.0109553 0.560329
-4.41702 13.4965 8.79461 -0.768276 -0.288481 0.0163894 0.571492
-4.47373 13.4442 8.72998 -0.773308 -0.258032 0.0288209 0.57872
-4.50272 13.3948 8.67753 -0.773158 -0.27577 0.0301226 0.570623
-4.58438 13.3013 8.56086 -0.772555 -0.252955 0.0324975 0.581762
-4.69611 13.1977 8.43186 -0.774372 -0.214838 0.0395999 0.59409
-4.83596 13.1117 8.32209 -0.773626 -0.204457 0.0381046 0.598801
-4.94467 13.0359 8.22671 -0.771712 -0.202736 0.0356492 0.601998
-4.9448 13.0165 8.21385 -0.769558 -0.209856 0.029296 0.602658
-4.95527 12.9897 8.19109 -0.7691 -0.207559 0.0256601 0.604201
-4.9449 12.972 8.17907 -0.773413 -0.208557 0.0168599 0.59864
-4.94173 12.9469 8.15645 -0.778784 -0.201137 0.0106734 0.594344
-4.93899 12.9311 8.14762 -0.783675 -0.207756 0.000728653 0.585676
-5.00156 12.9024 8.10996 -0.791542 -0.185601 -0.0171366 0.582279
-5.1918 12.8578 8.03444 -0.805109 -0.0823589 -0.00012671 0.587649
-5.43292 12.8492 7.98788 -0.807365 0.0485962 0.0234146 0.587838
-5.68449 12.8202 7.9105 -0.814111 0.0561856 0.020758 0.577879
-5.92777 12.7872 7.84048 -0.823227 0.0657592 0.0220992 0.563739
-6.17532 12.7572 7.78362 -0.832319 0.0768576 0.0204995 0.548857
-6.42206 12.7316 7.7213 -0.838987 0.084907 0.0185189 0.537479
-6.65454 12.7139 7.66915 -0.847735 0.0884286 0.0197142 0.522956
-6.90293 12.7018 7.60034 -0.853388 0.095992 0.00607469 0.512673
-7.1308 12.7509 7.60967 0.874209 -0.110394 0.0166358 -0.47276
-7.29936 12.7375 7.58024 0.880167 -0.119372 0.00974202 -0.459531
-7.49061 12.7418 7.55747 0.887227 -0.129166 0.0152375 -0.442852
-7.66547 12.7387 7.51763 0.89249 -0.1407 0.0159925 -0.428503
-7.83603 12.7275 7.45657 0.895511 -0.151114 0.0222388 -0.41825
-7.9854 12.7211 7.408 0.901974 -0.153832 0.0291121 -0.402658
-8.1321 12.7158 7.35647 0.907219 -0.156967 0.0396919 -0.38851
-8.26755 12.7009 7.299 0.912822 -0.151632 0.050599 -0.376038
-8.39374 12.6865 7.2443 0.917343 -0.147602 0.0604508 -0.365022
-8.50663 12.6745 7.19662 0.921894 -0.149392 0.0667757 -0.351474
-8.61676 12.6691 7.15351 0.925177 -0.156647 0.0727536 -0.338252
-8.72359 12.6565 7.10285 0.923807 -0.170382 0.0770539 -0.334383
-8.84539 12.6596 7.05315 0.922153 -0.183756 0.0910296 -0.328298
-8.93939 12.6501 7.00675 0.921021 -0.189163 0.0961502 -0.32694
-9.0352 12.6687 6.97123 0.92147 -0.200428 0.109088 -0.314674
-9.10718 12.657 6.93218 0.920313 -0.201109 0.112434 -0.316442
-9.17339 12.6643 6.90385 0.921472 -0.205141 0.117706 -0.308465
-9.23358 12.6592 6.87338 0.920131 -0.207529 0.121861 -0.309254
-9.2865 12.6658 6.85234 0.919643 -0.214678 0.126865 -0.303765
-9.33232 12.6657 6.83153 0.918785 -0.217967 0.129851 -0.302754
-9.37461 12.6728 6.81454 0.917921 -0.224262 0.134428 -0.298751
-9.40516 12.674 6.80231 0.917641 -0.226983 0.135404 -0.29711
-9.4345 12.673 6.78859 0.916623 -0.227458 0.140591 -0.297479
-9.45638 12.6751 6.77848 0.915589 -0.230559 0.144948 -0.29618
-9.47228 12.6733 6.77013 0.914239 -0.231993 0.148836 -0.2973
-9.49358 12.6797 6.76107 0.913631 -0.234089 0.156035 -0.293819
-9.51577 12.6753 6.74608 0.911458 -0.235318 0.161989 -0.296353
-9.53935 12.6737 6.7315 0.910225 -0.23568 0.167893 -0.296568
-9.57205 12.6736 6.70914 0.907178 -0.236709 0.179272 -0.298419
-9.59452 12.6761 6.6963 0.907463 -0.237288 0.183296 -0.294624
-9.61513 12.6747 6.68311 0.907612 -0.238473 0.184347 -0.292543
-9.64352 12.678 6.66739 0.907752 -0.239446 0.188545 -0.288612
-9.67215 12.6791 6.64592 0.906881 -0.239622 0.196013 -0.286219
-9.7008 12.6835 6.62723 0.907923 -0.239427 0.201271 -0.279349
-9.72388 12.6898 6.61175 0.910535 -0.238747 0.204639 -0.268781
-9.74925 12.6939 6.59441 0.912999 -0.237493 0.207315 -0.259317
-9.77839 12.7024 6.57311 0.914715 -0.236766 0.214191 -0.248104
-9.79856 12.7033 6.56232 0.919294 -0.232957 0.210966 -0.237312
-9.82823 12.7133 6.54222 0.921401 -0.23396 0.215509 -0.223676
-9.85117 12.6995 6.52537 0.924383 -0.226288 0.212734 -0.221919
-9.88179 12.7108 6.50116 0.92488 -0.229736 0.220824 -0.207962
-9.90379 12.7001 6.48172 0.927764 -0.225552 0.218496 -0.202072
-9.9356 12.6982 6.45992 0.928866 -0.222656 0.222239 -0.196047
-9.96464 12.6938 6.44137 0.932169 -0.216369 0.222295 -0.187143
-10.001 12.6941 6.41808 0.933393 -0.209644 0.229593 -0.179739
-10.0406 12.696 6.39182 0.935636 -0.198367 0.23945 -0.167609
-10.0849 12.6871 6.36227 0.938871 -0.18603 0.242862 -0.158507
-10.1387 12.6866 6.32152 0.939485 -0.181208 0.252798 -0.144281
-10.202 12.6891 6.27528 0.937958 -0.175199 0.269309 -0.13117
-10.2644 12.6935 6.23823 0.937091 -0.176087 0.275994 -0.121962
-10.3262 12.7018 6.192 0.934669 -0.183441 0.28509 -0.107985
-10.3904 12.7145 6.15247 0.933587 -0.188379 0.290686 -0.0928635
-10.4627 12.6981 6.11155 0.935552 -0.175877 0.293469 -0.0887703
-10.5427 12.6971 6.06418 0.935033 -0.171297 0.300193 -0.0803129
-10.6246 12.6911 6.0156 0.934672 -0.168177 0.304443 -0.0749269
-10.7155 12.6939 5.95892 0.932534 -0.169859 0.31163 -0.0678947
-10.8078 12.6973 5.90524 0.930667 -0.169848 0.318484 -0.0614379
-10.8945 12.6847 5.84728 0.930082 -0.17023 0.320626 -0.0580045
-10.9789 12.6622 5.79338 0.929744 -0.170517 0.321342 -0.0586114
-11.069 12.6453 5.73706 0.929252 -0.169717 0.323326 -0.057823
-11.1539 12.615 5.68379 0.929854 -0.169049 0.321552 -0.0599494
-11.2459 12.5888 5.62346 0.930373 -0.166914 0.320717 -0.0622981
-11.3266 12.5998 5.54331 0.931417 -0.164385 0.318944 -0.0625329
-11.4082 12.614 5.45281 0.932692 -0.160689 0.316684 -0.064575
-11.4875 12.6319 5.3646 0.934674 -0.154236 0.313171 -0.0686548
-11.567 12.6548 5.2563 0.937224 -0.146955 0.307966 -0.0732479
-11.6333 12.6824 5.15858 0.939933 -0.140304 0.301228 -0.0793411
-11.7004 12.7177 5.06604 0.943328 -0.130382 0.293853 -0.083524
-11.792 12.7413 4.95634 0.943809 -0.122125 0.292695 -0.0939794
-11.8805 12.7581 4.82979 0.94557 -0.110046 0.287751 -0.105729
-11.9231 12.8066 4.74538 0.950202 -0.0968856 0.276555 -0.106945
-12.0078 12.868 4.59821 0.954556 -0.0824183 0.264674 -0.110313
-12.0691 12.9093 4.45971 0.959929 -0.0649801 0.245698 -0.118896
-12.1341 12.9519 4.30863 0.96484 -0.0465952 0.22569 -0.127144
-12.1963 12.979 4.17431 0.968804 -0.0280953 0.204683 -0.137557
-12.2678 13.0213 4.03089 0.972221 -0.0117866 0.184103 -0.144715
-12.3118 12.982 3.93496 0.971973 0.000884543 0.159034 -0.173677
-12.3142 12.8785 3.88081 0.966027 0.00836009 0.119309 -0.229516
-12.3357 12.7991 3.80308 0.959531 0.0283606 0.0826854 -0.26805
-12.6188 12.5003 3.71476 0.942626 0.0461632 0.0905821 -0.3183
-12.7437 12.5624 3.57192 0.939447 0.0656065 0.0778611 -0.327519
-12.8942 12.582 3.41577 0.934399 0.0834261 0.0687509 -0.339719
-13.1394 12.5064 3.29392 0.9276 0.0942784 0.0723067 -0.354458
-13.4149 12.4919 3.21206 0.92552 0.091065 0.0845833 -0.358001
-13.8983 12.2974 3.13548 0.918074 0.0779601 0.120307 -0.369846
-14.1738 12.2877 2.99003 0.912389 0.0824552 0.132591 -0.37864
-14.276 12.4129 2.84756 0.911725 0.0893493 0.130069 -0.379551
-14.3132 12.5431 2.70577 0.911561 0.0957324 0.124027 -0.380412
-14.3522 12.6519 2.56114 0.910954 0.0990966 0.120317 -0.382194
-14.3394 12.7744 2.41545 0.91113 0.102125 0.11336 -0.383105
-14.3194 12.8937 2.26281 0.911634 0.102329 0.106966 -0.383689
-14.3571 13.004 2.1096 0.911415 0.100442 0.108533 -0.384268
-14.4172 13.1095 1.97032 0.911408 0.0974471 0.114235 -0.383404
-14.4585 13.2112 1.81619 0.912238 0.0904914 0.119627 -0.381485
-14.4391 13.3092 1.61824 0.912331 0.0829094 0.121226 -0.382482
-14.3538 13.3667 1.44291 0.913168 0.075304 0.12526 -0.380754
-14.2177 13.3998 1.23846 0.912726 0.0669511 0.132358 -0.380972
-14.0734 13.3008 1.41086 0.913115 0.0596041 0.135332 -0.380214
-13.9892 13.1946 1.63037 0.913174 0.0525215 0.134898 -0.381269
-13.8829 13.094 1.82407 0.913181 0.0472206 0.131561 -0.383109
-13.8653 12.964 2.0142 0.912033 0.0390235 0.136729 -0.384954
-13.8344 12.8431 2.19115 0.911154 0.0321036 0.139984 -0.386504
-13.8312 12.7062 2.35972 0.909378 0.0260978 0.145654 -0.389036
-13.7848 12.6082 2.54008 0.9093 0.0225452 0.146852 -0.38899
-13.7015 12.5157 2.70168 0.908787 0.0230067 0.144814 -0.390922
-13.6698 12.413 2.8518 0.907576 0.0233831 0.145588 -0.393415
-13.6206 12.3248 2.99397 0.906564 0.0258846 0.143778 -0.39625
-13.5906 12.2196 3.1045 0.904207 0.031365 0.142191 -0.401774
-13.5339 12.1489 3.19761 0.902214 0.0408576 0.13568 -0.407613
-13.4972 12.0705 3.29148 0.89982 0.051505 0.129648 -0.413617
-13.4862 11.983 3.38432 0.896706 0.0633777 0.124881 -0.420148
-13.4882 11.8943 3.47976 0.893207 0.0780186 0.119649 -0.426611
-13.4902 11.8107 3.57425 0.889855 0.093471 0.112187 -0.4325
-13.5016 11.7265 3.65234 0.885334 0.111046 0.104875 -0.439405
-13.5428 11.6432 3.74026 0.880785 0.129001 0.0994113 -0.444881
-13.5439 11.5794 3.78833 0.875453 0.148831 0.0891941 -0.451335
-13.6803 11.4661 3.85226 0.869265 0.167638 0.0878038 -0.456942
-13.775 11.389 3.88317 0.862806 0.18751 0.0822461 -0.462463
-13.8235 11.328 3.90289 0.85625 0.209189 0.0721833 -0.467013
-13.873 11.2949 3.9234 0.850302 0.230632 0.0611664 -0.469353
-13.9204 11.2502 3.90273 0.842555 0.252303 0.0491751 -0.473571
-13.9466 11.2029 3.86992 0.834923 0.272502 0.0355799 -0.477103
-13.9454 11.2027 3.85109 0.827982 0.293441 0.0203726 -0.477674
-13.9805 11.1567 3.82768 0.820712 0.31215 0.00855911 -0.478722
-14.0414 11.1941 3.83434 0.816307 0.331392 -0.00282032 -0.473361
-14.128 11.1551 3.79967 0.811318 0.346166 -0.0107673 -0.47125
-14.2175 11.1282 3.76428 0.806876 0.360458 -0.0184265 -0.467915
-14.2652 11.1145 3.70082 0.802476 0.373136 -0.0279563 -0.465067
-14.2797 11.1101 3.6509 0.802475 0.377342 -0.0439637 -0.460415
-14.283 11.1058 3.55203 0.801961 0.380296 -0.0599298 -0.457064
-14.3075 11.0616 3.49103 0.802671 0.382546 -0.0710048 -0.452329
-14.3285 11.0564 3.43213 0.804543 0.384816 -0.0808015 -0.445381
-14.3416 11.0141 3.38008 0.806363 0.386637 -0.0893406 -0.438833
-14.3331 10.9851 3.32146 0.808405 0.3885 -0.0977651 -0.431575
-14.3531 10.9382 3.32369 0.812132 0.390595 -0.10204 -0.421579
-14.3677 10.8964 3.30858 0.815609 0.392515 -0.106198 -0.411946
-14.3624 10.8575 3.27467 0.818115 0.395268 -0.111559 -0.402826
-14.374 10.8313 3.3086 0.822105 0.399304 -0.114984 -0.389539
-14.3864 10.7886 3.32511 0.825665 0.402873 -0.11805 -0.377222
-14.4118 10.7466 3.36804 0.829724 0.40688 -0.119581 -0.363276
-14.4357 10.6876 3.4078 0.833321 0.410989 -0.121494 -0.34952
-14.4451 10.6261 3.44131 0.836278 0.415491 -0.124441 -0.33583
-14.4648 10.5621 3.47001 0.83886 0.420635 -0.126767 -0.321821
-14.5435 10.5356 3.39711 0.841396 0.423181 -0.127972 -0.311212
-14.5745 10.4881 3.43936 0.844677 0.428061 -0.129103 -0.294746
-14.5954 10.4205 3.48089 0.846886 0.434179 -0.130229 -0.278513
-14.6908 10.3592 3.51388 0.854686 0.432231 -0.120397 -0.261623
-14.7331 10.3068 3.54393 0.858809 0.434865 -0.118829 -0.243867
-14.7623 10.2687 3.58163 0.861478 0.439296 -0.121187 -0.224588
-14.7817 10.2148 3.61109 0.862955 0.444791 -0.123586 -0.206022
-14.8152 10.1619 3.63976 0.863924 0.451096 -0.123541 -0.187445
-14.8302 10.1264 3.67222 0.864248 0.457371 -0.127231 -0.167178
-14.8458 10.0883 3.70755 0.86389 0.463977 -0.129899 -0.147629
-14.8702 10.0416 3.74582 0.862818 0.471323 -0.130844 -0.12856
-14.8843 10.0004 3.76904 0.861084 0.478394 -0.132522 -0.111169
-14.9048 9.95896 3.79575 0.858503 0.486201 -0.133941 -0.0942802
-14.9141 9.92365 3.8246 0.855688 0.493383 -0.1361 -0.0780697
-14.9255 9.88994 3.84958 0.852796 0.499838 -0.138475 -0.0630332
-14.9534 9.84454 3.85346 0.850183 0.506359 -0.135522 -0.0516777
-14.9615 9.81508 3.87051 0.847425 0.51147 -0.137308 -0.0407967
-14.9705 9.80409 3.88955 0.845176 0.515442 -0.139239 -0.0292877
-14.9748 9.78388 3.90671 0.842552 0.519537 -0.141366 -0.0212382
-14.98 9.76458 3.92139 0.840344 0.522929 -0.142807 -0.0148972
-14.9823 9.74396 3.92676 0.838981 0.524728 -0.144402 -0.0129755
-14.9902 9.72974 3.93759 0.837922 0.526241 -0.145187 -0.011304
-14.9896 9.70988 3.94407 0.837152 0.527176 -0.14601 -0.0138664
-14.9906 9.69737 3.95104 0.837022 0.527244 -0.146059 -0.0180151
-14.9846 9.70089 3.96071 0.83805 0.524669 -0.148431 -0.0247758
-14.9809 9.70653 3.97166 0.83963 0.521115 -0.150257 -0.0336952
-14.9807 9.69884 3.98233 0.841507 0.517307 -0.149567 -0.0462701
-14.968 9.68892 4.00245 0.844123 0.510966 -0.151138 -0.061482
-14.9492 9.69305 4.02263 0.848138 0.501146 -0.153515 -0.0787344
-14.9345 9.68595 4.05011 0.851411 0.492205 -0.153423 -0.097711
-14.9 9.66755 4.0923 0.853647 0.483381 -0.154789 -0.117993
-14.8759 9.64974 4.13055 0.856687 0.472136 -0.15452 -0.13983
-14.8585 9.63279 4.15916 0.859112 0.460605 -0.153197 -0.162957
-14.8278 9.63527 4.20619 0.861648 0.447308 -0.154268 -0.184212
-14.8054 9.61186 4.24867 0.86319 0.434668 -0.152528 -0.207262
-14.779 9.58904 4.29516 0.864495 0.421326 -0.150822 -0.229438
-14.7426 9.57042 4.35106 0.86476 0.408853 -0.150289 -0.2504
-14.6958 9.55939 4.41483 0.865172 0.395307 -0.150863 -0.269646
-14.6741 9.52824 4.46698 0.865273 0.382606 -0.147961 -0.288588
-14.6384 9.51032 4.54912 0.865449 0.3704 -0.146259 -0.304419
-14.5931 9.49476 4.60073 0.864941 0.359205 -0.145427 -0.319316
-14.5628 9.47991 4.68521 0.86536 0.348802 -0.144056 -0.330152
-14.5396 9.42676 4.76063 0.865172 0.339894 -0.140832 -0.341146
-14.4884 9.41111 4.82761 0.865171 0.333206 -0.140465 -0.347831
-14.4498 9.39313 4.89053 0.865669 0.328304 -0.140281 -0.351311
-14.4197 9.36534 4.9438 0.86622 0.326198 -0.139577 -0.352195
-14.4016 9.34326 5.02135 0.867882 0.325717 -0.138086 -0.349124
-14.3623 9.32611 5.07406 0.869563 0.326464 -0.138023 -0.344233
-14.34 9.30083 5.15286 0.872291 0.329145 -0.136151 -0.33541
-14.3103 9.27143 5.22219 0.875301 0.332347 -0.13461 -0.324867
-14.2807 9.2347 5.30189 0.877971 0.337678 -0.133988 -0.312172
-14.2435 9.20714 5.38214 0.880437 0.344261 -0.133865 -0.297752
-14.2004 9.17832 5.46078 0.882935 0.35143 -0.134463 -0.281254
-13.928 9.5475 4.99301 0.899621 0.326278 -0.191286 -0.21884
-13.896 9.54688 5.05031 0.900924 0.334562 -0.19276 -0.198754
-13.8024 9.4022 5.02577 0.902456 0.333911 -0.197389 -0.188068
-13.805 9.42206 5.05739 0.902284 0.343823 -0.19942 -0.167797
-13.7786 9.38169 5.06144 0.898281 0.340288 -0.207727 -0.185478
-13.7511 9.3641 5.08289 0.891816 0.347234 -0.218325 -0.191535
-13.7309 9.36258 5.12873 0.89264 0.354214 -0.222246 -0.169086
-13.703 9.32399 5.20707 0.900246 0.350595 -0.216356 -0.141722
-13.637 9.27324 5.29086 0.9005 0.353899 -0.22199 -0.121773
-13.5651 9.22388 5.38599 0.899429 0.359731 -0.226252 -0.103363
-13.4831 9.1607 5.48095 0.897898 0.364081 -0.23091 -0.0903196
-13.3944 9.09274 5.59051 0.896926 0.367068 -0.234278 -0.0784195
-13.3057 9.02813 5.70603 0.896837 0.367549 -0.23747 -0.0667197
-13.2174 8.96432 5.83007 0.896913 0.36805 -0.238616 -0.0583093
-13.1238 8.90614 5.96642 0.897006 0.368146 -0.240083 -0.049599
-13.0296 8.83827 6.09447 0.897425 0.367023 -0.241254 -0.0443882
-12.9354 8.7728 6.23759 0.897983 0.366369 -0.240854 -0.0404987
-12.8395 8.69625 6.38117 0.898925 0.364571 -0.24017 -0.0398784
-12.7368 8.63091 6.52303 0.899888 0.361671 -0.241242 -0.0380696
-12.6353 8.56057 6.65798 0.901227 0.357722 -0.242125 -0.0380916
-12.5346 8.49026 6.79247 0.902246 0.35467 -0.242821 -0.0380626
-12.4269 8.39039 6.92971 0.903202 0.352136 -0.242236 -0.0424024
-12.3253 8.2698 7.02692 0.904035 0.349008 -0.242361 -0.0492477
-12.2219 8.1401 7.14916 0.905754 0.344747 -0.241324 -0.0526613
-12.1239 8.01381 7.28824 0.907999 0.338799 -0.241164 -0.0533153
-12.0274 7.88144 7.4229 0.910173 0.334193 -0.238776 -0.0560037
-11.9228 7.72757 7.54342 0.911799 0.33008 -0.236285 -0.0639407
-11.9541 7.75777 7.56199 0.913019 0.323729 -0.242328 -0.0558875
-12.1048 7.64156 7.54501 0.921539 0.28049 -0.227626 -0.143284
-12.0989 7.98402 7.25599 0.873152 0.257151 -0.382797 0.158739
-12.0189 7.95188 7.33191 0.876802 0.244315 -0.383051 0.158277
-11.9151 7.94989 7.4042 0.877189 0.234917 -0.386476 0.161991
-11.8618 7.97039 7.45131 0.876856 0.229738 -0.38885 0.165502
-11.8089 7.98896 7.52953 0.878098 0.223377 -0.387936 0.169716
-11.6102 8.02129 7.53209 0.867522 0.221074 -0.410653 0.173637
-11.4594 8.04081 7.57095 0.86268 0.22192 -0.420825 0.172327
-11.3414 8.06035 7.66716 0.861554 0.217414 -0.423584 0.176881
-11.2602 8.09721 7.76879 0.860311 0.221416 -0.42276 0.179914
-11.132 8.1109 7.92838 0.859371 0.221377 -0.422918 0.184035
-11.1332 8.14538 7.97392 0.85756 0.229497 -0.4237 0.180708
-11.1711 8.18218 8.0387 0.859747 0.234072 -0.415789 0.182811
-11.1801 8.2315 8.06805 0.855649 0.239179 -0.419565 0.186759
-11.1179 8.25821 8.10746 0.850699 0.245788 -0.427078 0.18374
-11.1622 8.30002 8.11879 0.848431 0.254143 -0.427249 0.182459
-11.1308 8.32463 8.15128 0.845055 0.26165 -0.430602 0.179615
-11.1152 8.36048 8.18987 0.842361 0.266639 -0.431795 0.182055
-11.0783 8.38646 8.2533 0.839554 0.271157 -0.433867 0.183418
-10.9993 8.3992 8.37948 0.838406 0.274566 -0.432969 0.185706
-11.0088 8.41598 8.45361 0.837364 0.27801 -0.431881 0.187804
-11.0408 8.41339 8.54842 0.837866 0.281167 -0.428893 0.187714
-10.9349 8.38637 8.75455 0.836902 0.281126 -0.430028 0.189469
-10.8212 8.34327 8.97499 0.836434 0.281272 -0.430903 0.189333
-10.7705 8.27498 9.16478 0.839545 0.279268 -0.428213 0.184569
-10.8153 8.26017 9.28221 0.843412 0.265295 -0.426479 0.191437
-10.8809 8.18272 9.45038 0.848913 0.276234 -0.410877 0.185685
-10.89 8.16478 9.58101 0.849797 0.278715 -0.404257 0.192342
-10.837 7.97668 9.68808 0.898517 0.215639 -0.371579 0.0913635
-10.6086 7.84987 9.78661 0.897048 0.212869 -0.376803 0.0908927
-10.3891 7.72286 9.88437 0.897099 0.206656 -0.380889 0.0876423
-10.1692 7.59977 9.98064 0.896068 0.202329 -0.386126 0.085337
-9.96078 7.48549 10.0732 0.896218 0.194552 -0.389827 0.08502
-9.89065 7.46046 10.0414 0.895034 0.189988 -0.395142 0.0832679
-9.74859 7.45196 9.95027 0.879039 0.200568 -0.42596 0.0766644
-9.52273 7.35948 10.0234 0.880362 0.192088 -0.426937 0.0777569
-9.304 7.28866 10.0811 0.880783 0.183792 -0.42917 0.0806964
-9.07762 7.21959 10.1579 0.882027 0.174545 -0.430096 0.0826812
-8.85323 7.16002 10.2339 0.884137 0.165039 -0.429298 0.0837997
-8.64525 7.1288 10.2999 0.886991 0.154922 -0.426456 0.0873871
