0.643426786917267
3.7100848655901584
2.9972988230528763
3.123183509425006
3.2533286421089236
3.4895666657798246
3.6127164242528202
0.2765352447556984
0.48739928423152046
3.3850872518216284
3.1508545394279097
3.1247302947664672
0.3644027895848119
2.6102780764418045
3.2212767080803673
1.1880340889566179
1.815296080727607
3.0324314582909433
0.49371774096820187
0.2504397948345682
0.3875611167421847
4.2636131802849615
0.47799972065274415
0.3785254337947906
3.053965236654236
1.4379340425902116
0.3045334668227328
0.3643625024712158
3.019681480220111
1.5341017612565855
3.934548168257189
0.4657191803403861
0.4767827995691549
0.31533877320046855
2.749760490421041
2.0233703220606793
3.2477920421872555
2.129435466258866
0.36898165203242156
1.5584750971875674
