2.97525003954092
2.462721460830886
2.8051411196807203
2.594955803982774
1.2102828766500133
1.3521428946448928
1.9894879752249401
2.3610160390277657
2.37735674998489
2.0051325852667823
3.1810152175926887
2.5499224248074706
1.6951096147028513
1.7681554515905196
1.6506632020280665
3.03142375972318
2.82225983114839
1.564810944872335
2.1771070461292106
2.038225089661962
2.475851344887541
2.416916341655941
2.5019744178949828
1.4222864167273634
2.4990877539538583
1.8171886647536943
2.693798659608104
2.3255214121651337
1.6134603319053933
3.8923553593104203
2.2295012538398202
0.6668415983006682
1.7448933322024012
1.2439054338245485
2.246235179951203
1.7026349570871084
2.4952247899892828
1.5144908335596168
2.9554759044973236
2.697860081198115
