1.8723388798674243
1.8380093513123885
1.3796880535861584
2.1436677852453174
2.7024431714866717
1.0723141158805676
2.3995510890722103
3.530161838293692
1.8618452909187773
2.579650055761046
3.0861817263918896
2.0342704900071746
3.3451900042754135
3.459086071330806
1.8069601288530464
2.0777390790172996
2.0012037231642186
1.81554258045703
1.9542382705020942
1.787695214786013
1.961110081860242
2.8600772623441477
2.8673303779854464
1.4562341223686417
3.706510249887317
1.4740915540553314
1.6954393265376866
1.8235066147751218
2.2020080395479074
1.3896799615394686
1.7789613384804257
2.5588369134424744
2.010010071692019
2.0137833128771416
2.2627252860052836
1.992666681072518
2.93022901964313
1.6172831459450099
1.8700033140881573
2.4992476399470744
