2.9833512386332375
3.0087686711427057
2.874840001262277
1.9932873646971998
3.4678612401529345
3.1740729585310925
1.189657594847611
3.5519828715488755
3.4148660886175155
1.0094008963436771
1.579689304557003
2.267577302247615
0.8334417088554468
3.783323472622046
0.40535951588333224
2.586653106143947
1.6989144475481632
1.025163275546281
2.7510021158214735
3.1284081502873495
4.159735388521658
2.459146604976429
2.797842134844314
3.843504889750379
1.0156341247932668
3.4206474763463337
3.101951659370141
2.1824394087202013
2.793004721724679
0.8640801309528137
1.5075419576660736
0.2640431421382665
3.134680441174429
2.120762053024021
1.854207105970328
3.227261154910962
1.959283560809988
2.4723321915986705
2.865915717294308
2.9906883930591612
