1.8267981702344143
1.5750906969631717
1.7027207767246022
1.5975299737358413
2.2018711625962952
1.091250710693119
1.456260594236807
1.56989556898998
1.4539331269654796
1.4959250128661494
1.5889843706873377
1.3613677537647235
0.5492490655941602
1.2191023584929803
1.6242022557157714
1.9413177324711177
2.3118479403743475
1.8434331150641545
1.8431427809532754
1.0929651587715579
1.7506325255264281
1.5018897381626932
1.6703907092922694
1.277262063985761
1.5887474765618754
1.9201575190672708
1.979406933394422
1.4277553376475103
1.285642615151872
1.8488567072632127
1.6165408016810925
1.6277163948493554
1.4966281799819399
1.8689926501837963
1.388831901907546
0.8377445831852447
1.8035624759585593
2.1424604313595483
1.2269989844764113
1.5798074836947964
