3.05049634109443
2.9693913828734084
2.582337280670715
1.6921346419501762
1.3097922911708928
1.1337485067589814
0.7153997203180045
1.1048487188203344
2.715039490002895
3.230842364739667
1.5908447745670693
1.2978813890934708
2.144567319483101
0.2435409700003812
2.274237848392499
1.2726209952590304
0.587057770744271
3.4263468475443495
3.122853218957162
2.2669964880302262
1.2038673317049424
2.098247914653388
3.06100837305773
3.225798167582378
0.8966252676208093
1.618638697122284
2.0105033607578466
1.0785565539094752
2.8872722172928453
3.4740915713397222
3.2552571068066722
2.079619154402695
2.4315940302843457
0.4553185078757103
2.6822781830633695
0.7515984875834245
2.338530498573603
1.8086806556602941
2.382093509846141
1.372639873436671
