1.0073578674843833
1.010269246053091
1.4774638895821197
3.594364278573174
0.8356176783242305
2.1455799313575623
1.7337554323456394
0.7529569756516511
2.5791457226461736
1.598708102632318
0.8279569397464399
2.9897470647348907
2.2398957939712067
2.3178808784802376
0.7341617715051835
0.8300677415180205
2.8919885532591714
2.8434916057618
1.0376429153845905
2.700794167838554
0.9747533161927743
1.9663408656182315
1.8995142239933909
0.43808315026234135
2.581285951112459
3.4646000453118684
0.6326124764328884
1.5843493973128846
2.2830325899872133
1.0768795550371795
3.259787748203014
0.6366990296453903
1.0390157304683838
2.569029357331502
2.5509521861042215
1.2552623448170432
2.697354315792077
2.2898466794211
1.6351666109270135
1.717434277594589
