2.000413210407831
1.8367262135226727
1.7050826404975545
1.3599223783873526
1.484502703042274
1.6085214334397078
1.9857986082860872
1.0791475854026775
1.688463791600367
1.5953521783692513
1.267897079193863
1.9527648078984694
0.7709211471619136
1.6824024446707846
0.668551598663975
1.3949952062955313
1.815072420246054
1.7871056049936431
1.3086008101599755
1.74131479168394
2.3477906415243357
1.5497867611265201
1.4513375656701009
1.7250826020698034
1.43764866860491
1.6768902387234272
1.744442032319259
2.1863013860663227
1.3754300825609376
2.049401493227579
2.239459982820816
1.1617184501220976
1.4353715607628965
2.1094793177977436
1.6458149239789976
2.10783152568756
1.2926687916401298
1.14178433334294
1.8223680445706036
1.7376292805877693
