0.3072579185471487
0.4445464149710199
3.5742894148206297
0.23240504589934963
0.5799736659831304
2.632877157228705
4.087436076941828
0.7901170141125163
3.0352007798052005
0.2634887431578156
0.7059685196285141
0.45474644987275153
2.6892941225697022
0.45699088612533717
3.596653077873933
0.6655961804809123
3.299835357733084
2.9214600580542225
0.1867250010165276
0.6982733361855006
3.1808539873138306
3.0276227317095534
0.2557209183539998
0.8517124551827132
3.5451715018415517
0.550929197819534
0.5593540791150943
2.996371072240919
2.0777345387032926
3.829357141378679
2.8798322085442845
2.836932779598086
0.9057645561296178
1.0650120600597937
3.357606743125838
3.2661292270768056
2.994688520603453
3.2216916349238
1.5102188912795873
1.3730960926448568
