1.6246810122405777
3.3065577675285143
1.3717714510805015
2.802372201706312
2.8354563547741165
1.9148325926969947
1.6666036389470813
2.3375175217405264
2.8666463606264374
2.253345767154689
2.497097263460735
3.1323046050236467
2.5520468684452076
1.3954157510067682
3.670276488185493
1.0197014707878913
0.3891787355688989
1.8036637311791068
2.0029322758531207
1.9632915874519343
1.5480756703396137
1.8140373741648386
2.8572579818054002
1.5740343756615631
3.058323193891064
1.9868837152575953
1.754248653776216
2.3166160548369206
2.5359269797539996
2.221478688190141
1.994006527018063
1.933249940500723
2.0923711009867922
2.8705459605439363
1.9744589838826958
1.9875610288541425
2.6573788577372794
2.090159191716455
1.9931104602724388
2.133861709432509
