2.0829941439735067
0.7993464374875786
3.6734681089764116
3.1469425615870907
3.198496471279342
2.5047196008506156
3.228723980965454
2.2277429001454987
0.4866942118672991
1.506500892251073
3.1943862013286455
1.3709553186075012
2.2971570805549932
3.1180509859584995
0.32651699460305406
2.99168245820468
0.38340327948713626
3.501585925503399
2.3832126621054868
1.614138220128393
1.3244911755445736
0.9714876396592295
2.4953110476803437
1.1444510590640413
1.2990062437567969
0.8006074593938615
3.326641333196911
3.0637026174507396
3.0398427612387
0.19506818567138975
2.472575533064523
1.8304052084258005
3.311340766148946
2.093860597850084
2.681685866023703
2.6929241179698393
3.1834850167800552
2.878397411961617
2.458853753914363
3.1580647077818904
