1.3244056778322812
1.2130657036369525
1.135763212006612
1.5602624129963523
1.2397905375648066
2.137432927731003
1.9410478380373237
1.9201682676410166
1.8281668509297602
1.2733018431157281
1.582664688075612
2.1492933354346047
0.6973971891333022
1.6273392993588518
1.7830635554513121
1.8443284731627425
1.4932584554880397
1.2815917045083713
0.984485543531833
1.3323111200225075
1.169094117505921
1.9610303886514864
1.6318245328155565
0.860291276920507
1.9250962288689402
1.2648003421498473
1.8318727772293326
1.5473480542225058
1.5447189355337667
1.2837330108706617
1.8553002810393462
1.901481354805505
1.0593330155024094
1.8122663905030467
1.7228798715570255
1.3094762503319046
0.8954035933995004
1.302724900260191
1.2095491115761012
1.8366383449058126
