0.6882687207017689
0.643667483237327
2.9645435609648563
0.46997980876713324
1.3496054486597304
2.7060243518424976
3.2604734403008884
0.5469255825319542
2.715623833181709
2.141217347213652
1.0857146544029384
1.3937792259893598
1.72895424590517
0.458449950863079
3.576180442687335
0.6823760316626192
2.761013393338173
1.502333497837988
3.488899953415596
0.8104403320828046
0.8241538823739063
3.0838160899207145
0.25732332904273986
0.9647676055666626
1.7342735078055596
2.6001948922663836
1.4030630070416878
1.0185975721479108
3.0866378817884628
1.799135753607551
0.913978899754731
2.2258165491526056
1.0060058786443826
0.5676027500053553
0.18091191163423795
1.0330195322712212
1.1016994648718674
0.32483703373428763
2.0370273490688047
1.0025469842800214
