2.0406972650385597
1.561337242575246
1.3574859776770256
0.8654445325475614
1.0494707130812044
1.2115995468965683
1.7100360079203376
1.0529686971261363
1.7864331457093199
2.185940673332099
1.9773851898936476
0.7554092397048893
1.9662567568404774
1.5638519442644059
1.9726568055885598
1.5342079783908245
0.6056412819335413
1.1545921133855552
1.768609486381595
1.9486194737380595
1.7445148849619743
0.5119468026228684
1.4808855142845856
1.8373506685242145
1.8444325473599443
0.9978331733394721
2.1511318588840798
1.678994270537076
1.4723999425825829
1.4524158622175927
1.5387894434247869
1.7796244055263268
1.8212369485545608
1.2076856165272802
2.133503065834689
2.1611250831743396
1.7050271011492657
1.51359512225594
2.1111607428034977
1.5674856266138422
