0 0 0 0 0 0 1
0.00415039 0.0305417 -0.144525 -0.00152859 -0.00850043 -0.00936688 0.999919
-0.0303712 0.061107 -0.288468 -0.00354811 -0.0156593 -0.0199523 0.999673
-0.00422058 0.0416919 -0.441729 -0.00809952 -0.0254545 -0.0303681 0.999182
-0.0571173 0.0661126 -0.615193 -0.0107559 -0.0326307 -0.0413676 0.998554
-0.0467031 0.0803202 -0.798325 -0.0143421 -0.0423544 -0.0525193 0.99762
-0.0888459 0.12438 -0.958744 -0.017023 -0.0500349 -0.0643567 0.996529
-0.107819 0.154435 -1.11512 -0.0203213 -0.0586712 -0.0757706 0.995193
-0.0490072 0.208449 -1.29085 -0.0221871 -0.0697162 -0.0861251 0.993598
-0.00529 0.275079 -1.45366 -0.0235776 -0.0801927 -0.0969837 0.991774
-0.0418845 0.284818 -1.58304 -0.0271651 -0.0879406 -0.10824 0.989858
-0.0411224 0.29527 -1.71388 -0.0302686 -0.0967551 -0.118674 0.987749
-0.05706 0.268853 -1.83616 -0.0342671 -0.105077 -0.128598 0.985524
-0.0748552 0.264102 -1.94973 -0.0371839 -0.112831 -0.137808 0.983314
-0.030451 0.280379 -2.05673 -0.0386578 -0.122172 -0.146493 0.980883
-0.0726413 0.275944 -2.16616 -0.0407618 -0.128163 -0.154404 0.978818
-0.0885543 0.264981 -2.27298 -0.0423217 -0.134179 -0.161437 0.97681
-0.00117184 0.309874 -2.35934 -0.0401389 -0.143068 -0.167098 0.974688
-0.00579873 0.299852 -2.42629 -0.0408797 -0.148705 -0.172803 0.972817
-0.0262679 0.322266 -2.47569 -0.0395108 -0.152973 -0.177744 0.971321
-0.0497416 0.325056 -2.51913 -0.0378437 -0.156534 -0.182257 0.969983
-0.0489966 0.321954 -2.56212 -0.0357028 -0.159799 -0.182464 0.969493
-0.0749168 0.310333 -2.59896 -0.0336113 -0.161316 -0.183747 0.969075
-0.0720357 0.315113 -2.60228 -0.0291244 -0.163572 -0.183624 0.968865
-0.0759664 0.285684 -2.61369 -0.024523 -0.164971 -0.183371 0.968803
-0.0616464 0.256591 -2.62624 -0.0194493 -0.166249 -0.182322 0.968898
-0.0328533 0.246278 -2.61886 -0.0134516 -0.167715 -0.181199 0.968958
-0.0147515 0.23112 -2.61408 -0.00711235 -0.168291 -0.179965 0.969155
0.00889679 0.244804 -2.61425 0.000227396 -0.168257 -0.179243 0.969321
-0.00277566 0.232469 -2.62454 0.00673803 -0.16649 -0.176487 0.970107
-0.0295128 0.236531 -2.62834 0.0137226 -0.163904 -0.17366 0.970984
-0.0327227 0.23254 -2.62519 0.020132 -0.161986 -0.170002 0.971841
-0.0130695 0.240034 -2.6302 0.0270634 -0.160427 -0.165597 0.972692
-0.0443251 0.247082 -2.65557 0.0330083 -0.156596 -0.161443 0.973831
-0.065248 0.23778 -2.69002 0.0377328 -0.15285 -0.158243 0.974779
-0.0656107 0.266683 -2.71798 0.044024 -0.149429 -0.154214 0.975691
-0.0611297 0.241271 -2.75098 0.0476051 -0.146374 -0.150841 0.976513
-0.0683344 0.288473 -2.78335 0.0523544 -0.142431 -0.149829 0.977009
-0.0778101 0.331517 -2.82472 0.0566457 -0.138137 -0.148616 0.977572
-0.0550724 0.39692 -2.85662 0.0613801 -0.134854 -0.147222 0.977956
-0.0234047 0.427861 -2.9149 0.0634639 -0.131834 -0.146555 0.978334
-0.0419424 0.445983 -2.97405 0.0643203 -0.127372 -0.146447 0.978885
-0.0492592 0.475638 -3.02816 0.0652284 -0.123395 -0.147068 0.979241
-0.0271153 0.477555 -3.08903 0.064643 -0.120452 -0.148282 0.979464
-0.0205267 0.470636 -3.14951 0.0637124 -0.116975 -0.150639 0.979587
-0.00437026 0.481185 -3.2254 0.0622069 -0.113419 -0.152602 0.979798
0.0140107 0.493532 -3.30194 0.0603756 -0.109842 -0.154791 0.979977
0.00819449 0.460329 -3.38723 0.0564116 -0.10549 -0.157281 0.980296
0.0075789 0.483595 -3.46547 0.054755 -0.101238 -0.159154 0.980536
0.0288569 0.495377 -3.57123 0.0522844 -0.0967 -0.161367 0.980767
0.0648888 0.486269 -3.66992 0.0492823 -0.0927874 -0.164098 0.980847
0.0452742 0.512042 -3.75042 0.0476801 -0.0867558 -0.165769 0.981198
0.050882 0.511921 -3.82111 0.0457868 -0.0813181 -0.166838 0.981573
0.0569875 0.501471 -3.91518 0.0438868 -0.0752611 -0.166895 0.982132
0.0877513 0.50104 -3.99614 0.04318 -0.0695662 -0.167009 0.982564
-0.0034043 0.506896 -4.06897 0.0424197 -0.0597374 -0.165306 0.983531
-0.00906087 0.481549 -4.12457 0.0420418 -0.0522439 -0.163827 0.98422
-0.011234 0.477907 -4.17745 0.0430352 -0.0441259 -0.161237 0.985002
-0.0354372 0.501376 -4.21479 0.0459114 -0.0349147 -0.157799 0.985799
-0.043447 0.504714 -4.2579 0.0492294 -0.025512 -0.153492 0.986607
-0.0430077 0.625655 -4.27709 0.0578931 -0.0150567 -0.146666 0.987395
-0.0534157 0.531088 -4.27659 0.0609012 -0.00518952 -0.138698 0.988467
0.0162691 0.583804 -4.28946 0.0707759 0.00395873 -0.128668 0.989172
-0.00139925 0.569488 -4.27494 0.0792841 0.0157455 -0.117869 0.989755
-0.00269901 0.571224 -4.26967 0.089146 0.0275238 -0.105604 0.990043
-0.041085 0.544364 -4.29282 0.0987119 0.0406807 -0.0925302 0.989991
-0.0771186 0.53086 -4.31424 0.109533 0.0540607 -0.0786188 0.989416
-0.0543463 0.53826 -4.33343 0.121961 0.0654825 -0.0642339 0.98831
-0.0824886 0.521489 -4.35473 0.133848 0.0782439 -0.0493918 0.986696
-0.109376 0.492865 -4.40887 0.145087 0.0911544 -0.0342823 0.984639
-0.113993 0.491407 -4.45579 0.1575 0.10304 -0.0188344 0.981973
-0.104155 0.483285 -4.47015 0.170099 0.114077 -0.00359379 0.97882
-0.10015 0.482299 -4.50483 0.182475 0.124525 0.0116974 0.975248
-0.0976606 0.495381 -4.55873 0.195207 0.134693 0.0262814 0.971139
-0.0128982 0.567307 -4.60649 0.20857 0.141685 0.0408731 0.966852
-0.0183523 0.549739 -4.61616 0.219349 0.150392 0.0537989 0.96251
-0.032329 0.588254 -4.63976 0.231329 0.158781 0.0666359 0.957543
0.0948884 0.56261 -4.69405 0.23952 0.161403 0.0781184 0.954219
0.0658013 0.552418 -4.73786 0.247982 0.16791 0.088297 0.95004
0.0907699 0.600646 -4.785 0.256683 0.17143 0.0964661 0.9463
0.119944 0.571584 -4.86063 0.262055 0.174568 0.105412 0.943297
0.111911 0.577637 -4.89575 0.26561 0.179821 0.103092 0.94157
0.0962564 0.576681 -4.97452 0.268098 0.183707 0.103145 0.940109
0.0825468 0.613481 -5.02891 0.271224 0.185269 0.100332 0.93921
0.0631194 0.646862 -5.08798 0.273687 0.18538 0.0971954 0.938803
0.0636136 0.60297 -5.21786 0.272889 0.184584 0.098148 0.939094
0.0900658 0.620012 -5.19438 0.273481 0.182714 0.0980333 0.939299
0.118685 0.629008 -5.29115 0.27371 0.179058 0.0987305 0.939864
0.110665 0.640841 -5.33724 0.273893 0.175916 0.0997025 0.940302
0.113257 0.632939 -5.36057 0.273624 0.172247 0.101144 0.940906
0.107012 0.626552 -5.46737 0.272861 0.167879 0.102588 0.94176
0.0694051 0.648126 -5.54305 0.273105 0.16443 0.10366 0.942182
0.0374201 0.643131 -5.58141 0.271806 0.160547 0.105348 0.94304
0.0554966 0.642365 -5.73022 0.269329 0.156121 0.102896 0.944763
0.0625351 0.63605 -5.88228 0.266307 0.153023 0.0978535 0.946661
-0.00991074 0.590159 -5.9689 0.263186 0.152527 0.0925238 0.948149
-0.00751311 0.59881 -6.14697 0.261299 0.151101 0.0887272 0.949263
-0.0191359 0.546006 -6.28156 0.25857 0.150068 0.0837916 0.950622
-0.018691 0.558011 -6.41694 0.2571 0.149798 0.0796911 0.951416
-0.0396568 0.492204 -6.52633 0.256617 0.15059 0.0729664 0.951962
0.0024888 0.517439 -6.70275 0.255664 0.151414 0.0702893 0.95229
0.0399563 0.565545 -6.88579 0.255869 0.153453 0.0676459 0.952101
0.0672979 0.576785 -7.09198 0.25499 0.157392 0.0670839 0.951733
0.0699173 0.61017 -7.28014 0.255716 0.162423 0.0646222 0.950864
0.0901895 0.629673 -7.40161 0.259336 0.167166 0.059291 0.949409
0.0933286 0.602315 -7.63292 0.259478 0.174051 0.0592167 0.948139
0.129826 0.646166 -7.83084 0.262154 0.180069 0.0573931 0.94639
0.0935398 0.530946 -8.04044 0.260519 0.188761 0.0566453 0.945192
0.136647 0.558091 -8.21194 0.263586 0.195599 0.0557914 0.943
0.179725 0.594703 -8.22718 0.267687 0.203319 0.0549568 0.940262
0.143836 0.624288 -8.49483 0.274787 0.209487 0.0474228 0.937265
0.160393 0.667605 -8.70228 0.278787 0.217026 0.0461183 0.934428
0.14818 0.713008 -8.83473 0.283271 0.225125 0.0448271 0.931223
0.129481 0.727028 -8.8357 0.287457 0.232893 0.0403736 0.928231
0.142547 0.740233 -8.84355 0.291131 0.243201 0.0457259 0.924186
0.116063 0.694079 -9.01866 0.292175 0.251796 0.0464002 0.921517
-0.0237302 0.721122 -9.00927 0.29555 0.262171 0.0473981 0.917489
-0.138968 0.764692 -9.13352 0.298836 0.270465 0.0469906 0.914036
-0.147615 0.722204 -9.19361 0.300746 0.275575 0.045477 0.91196
-0.141908 0.758772 -9.32152 0.303133 0.279188 0.0462953 0.910028
-0.202471 0.782002 -9.35782 0.30245 0.285126 0.0447853 0.908494
-0.143635 0.821799 -9.53971 0.302402 0.28635 0.0459592 0.908068
-0.106329 0.857351 -9.52193 0.303009 0.286225 0.0458066 0.907913
-0.110381 0.887603 -9.72384 0.302282 0.290635 0.0448521 0.906802
-0.133328 0.875471 -9.91782 0.301233 0.295484 0.0491031 0.905363
-0.211521 0.828155 -10.0625 0.305243 0.306123 0.0597099 0.899831
-0.264447 0.850718 -10.2112 0.309571 0.312758 0.0603694 0.89602
-0.302273 0.847538 -10.4314 0.307927 0.310818 0.0632252 0.897063
-0.346832 0.890497 -10.6306 0.308348 0.309299 0.0603447 0.897642
-0.395576 0.88058 -10.8066 0.30621 0.312016 0.0603063 0.897436
-0.45271 0.852396 -10.9419 0.304677 0.320249 0.0612662 0.89499
-0.51348 0.798249 -11.1143 0.300288 0.322831 0.0645001 0.895318
-0.563917 0.753497 -11.28 0.297834 0.325546 0.0681958 0.894881
-0.612221 0.700633 -11.4096 0.295397 0.331608 0.0700689 0.893317
-0.67713 0.748269 -11.5094 0.300538 0.338849 0.0625184 0.889437
-0.736273 0.688591 -11.6245 0.298197 0.347451 0.066746 0.886595
-0.799049 0.662562 -11.7284 0.293945 0.357602 0.0671168 0.883948
-0.833037 0.624969 -11.8542 0.290972 0.363159 0.0712017 0.882345
-0.872602 0.630694 -11.9748 0.289241 0.369199 0.0703256 0.880476
-0.928921 0.638046 -12.0568 0.287526 0.380691 0.0677064 0.87634
-0.961471 0.600075 -12.1543 0.282802 0.392112 0.0728441 0.872421
-1.0147 0.604555 -12.1932 0.279777 0.411098 0.0665321 0.865131
-1.04 0.573796 -12.2863 0.273324 0.425607 0.0674731 0.860092
-1.07774 0.571631 -12.3526 0.268128 0.442973 0.0654922 0.853084
-1.09076 0.549409 -12.4283 0.260618 0.459203 0.0683305 0.846584
-1.10884 0.614041 -12.5258 0.263364 0.471298 0.0677345 0.839102
-1.12492 0.609124 -12.568 0.256125 0.489057 0.0615246 0.831627
-1.13718 0.57095 -12.5836 0.246554 0.511156 0.0670896 0.82073
-1.15635 0.589393 -12.6276 0.243208 0.528688 0.0706167 0.810262
-1.11 0.631092 -12.7219 0.238185 0.537155 0.0720749 0.806047
-1.10109 0.631612 -12.7717 0.231275 0.550786 0.0720156 0.798834
-1.13521 0.592224 -12.7818 0.22276 0.569903 0.0746299 0.787526
-1.15278 0.584853 -12.8075 0.218759 0.58578 0.0842823 0.775942
-1.14134 0.593827 -12.8475 0.215311 0.59755 0.0937605 0.766792
-1.1382 0.644711 -12.8934 0.211125 0.605858 0.0901824 0.761852
-1.11921 0.627934 -12.9261 0.20212 0.615246 0.0922892 0.756501
-1.1456 0.601003 -12.9199 0.195011 0.627632 0.0923527 0.74814
-1.16597 0.588884 -12.9249 0.19042 0.637917 0.0957026 0.740163
-1.17178 0.651509 -12.912 0.195577 0.644221 0.101724 0.732517
-1.14471 0.702212 -12.984 0.191774 0.64106 0.0958596 0.737072
-1.1684 0.622018 -12.976 0.187001 0.645021 0.101188 0.734125
-1.19703 0.631263 -12.985 0.180617 0.647672 0.0958952 0.734101
-1.19285 0.675591 -12.9809 0.174905 0.646827 0.089516 0.737029
-1.21447 0.691658 -12.9773 0.167723 0.64546 0.0815693 0.740809
-1.16257 0.698269 -13.0435 0.160073 0.632467 0.0719812 0.754572
-1.19577 0.66501 -12.9995 0.14965 0.631577 0.0611475 0.758402
-1.22105 0.678643 -12.9842 0.144883 0.627186 0.0564485 0.763319
-1.20141 0.704385 -13.04 0.135814 0.613958 0.0479113 0.776213
-1.20159 0.659197 -13.0383 0.125915 0.604591 0.0366997 0.785785
-1.22679 0.646926 -12.9899 0.119269 0.599097 0.0289738 0.791332
-1.25451 0.666136 -12.9769 0.114102 0.591196 0.0199203 0.798285
-1.23055 0.709185 -13.0375 0.108112 0.574626 0.014264 0.811231
-1.23701 0.772909 -13.0701 0.109628 0.561587 0.00195619 0.82023
-1.25181 0.757721 -13.095 0.103102 0.551603 -0.00501917 0.827803
-1.2539 0.7034 -13.0896 0.0932389 0.544209 -0.00815224 0.833819
-1.19892 0.726779 -13.2489 0.0933142 0.520496 -0.0133643 0.848748
-1.27181 0.700883 -13.179 0.0847663 0.525927 -0.016263 0.846244
-1.26699 0.769588 -13.26 0.0852414 0.516557 -0.0189187 0.851893
-1.26965 0.771903 -13.3038 0.0830658 0.512279 -0.0199563 0.854663
-1.28095 0.784027 -13.365 0.0802103 0.508124 -0.0249158 0.857281
-1.31664 0.764946 -13.3907 0.0775644 0.511462 -0.0222164 0.855613
-1.30977 0.780403 -13.4333 0.0768439 0.515544 -0.0169653 0.853346
-1.31947 0.818247 -13.4926 0.0776919 0.521397 -0.00944523 0.849823
-1.29992 0.818958 -13.6065 0.0776116 0.52309 -0.00677246 0.848815
-1.3167 0.831846 -13.6694 0.0793915 0.532628 -0.000131858 0.842725
-1.3687 0.833606 -13.6632 0.0820199 0.551261 0.0136997 0.83029
-1.37121 0.931393 -13.772 0.0846627 0.559415 0.0219199 0.824375
-1.3677 0.940423 -13.8532 0.0878294 0.571982 0.0340443 0.814956
-1.38815 0.898761 -13.9247 0.0876096 0.588237 0.0484756 0.802587
-1.40357 0.889557 -13.9959 0.0892398 0.604019 0.0604093 0.789776
-1.42436 0.894676 -14.0825 0.0909941 0.618445 0.0746849 0.777091
-1.4322 0.904967 -14.1547 0.0914296 0.635334 0.0855963 0.762151
-1.45421 0.916122 -14.2428 0.0966692 0.651288 0.0997212 0.746156
-1.4823 0.915497 -14.3308 0.100439 0.665961 0.110481 0.731042
-1.50599 0.929494 -14.4152 0.104743 0.680867 0.123718 0.714401
-1.53076 0.944991 -14.4988 0.107512 0.694516 0.13663 0.698323
-1.55202 0.957444 -14.5851 0.109337 0.706866 0.147769 0.683222
-1.56965 0.953117 -14.6633 0.109574 0.718415 0.156868 0.668965
-1.59436 0.954667 -14.7364 0.113297 0.728287 0.163642 0.655926
-1.62409 0.982528 -14.8202 0.117226 0.735729 0.170607 0.64507
-1.64067 1.00129 -14.8999 0.116945 0.743036 0.176022 0.63522
-1.65699 0.983024 -14.9521 0.115045 0.751205 0.176935 0.625639
-1.68129 0.993891 -15.017 0.116214 0.756269 0.17812 0.618954
-1.7016 1.01691 -15.0851 0.11755 0.759634 0.179152 0.614268
-1.72285 1.02324 -15.151 0.117641 0.762035 0.180007 0.611021
-1.7363 1.04125 -15.204 0.117512 0.764266 0.177705 0.608932
-1.75449 1.02358 -15.2543 0.117295 0.765243 0.176036 0.608231
-1.77914 1.05159 -15.3066 0.119681 0.764246 0.174037 0.609592
-1.79336 1.07578 -15.3657 0.11674 0.762867 0.169353 0.613198
-1.80774 1.07925 -15.4092 0.114847 0.761363 0.163721 0.616941
-1.82659 1.06679 -15.4405 0.112462 0.760017 0.158755 0.620328
-1.84724 1.07343 -15.4756 0.111397 0.757158 0.152821 0.625482
-1.86501 1.0853 -15.5209 0.108762 0.753158 0.147751 0.631956
-1.87726 1.10383 -15.5583 0.105186 0.74937 0.141251 0.638514
-1.88709 1.10519 -15.5872 0.101268 0.745709 0.136063 0.64453
-1.89617 1.0941 -15.6098 0.0976731 0.741725 0.131019 0.650696
-1.91346 1.09326 -15.6328 0.0956195 0.736635 0.126267 0.657682
-1.92891 1.12018 -15.6583 0.0938113 0.731092 0.120779 0.665114
-1.9362 1.13232 -15.6813 0.0898221 0.726169 0.11706 0.671688
-1.93922 1.12365 -15.6981 0.0855116 0.721445 0.114453 0.677761
-1.95077 1.11488 -15.7125 0.0819375 0.71591 0.112456 0.684371
-1.95301 1.13427 -15.7211 0.0785212 0.711284 0.111468 0.689734
-1.95188 1.12359 -15.717 0.0745681 0.707387 0.110771 0.694277
-1.96231 1.11148 -15.7248 0.0715783 0.702679 0.114305 0.698784
-1.9684 1.15145 -15.7483 0.0687266 0.697696 0.114821 0.703958
-1.97156 1.13222 -15.7603 0.063314 0.695598 0.119051 0.705836
-1.98544 1.12224 -15.7836 0.0601051 0.69205 0.123764 0.708787
-1.99993 1.1336 -15.822 0.0581766 0.687999 0.129409 0.711876
-2.01541 1.15747 -15.863 0.0545721 0.686072 0.136522 0.712692
-2.02694 1.15349 -15.9045 0.0504343 0.684893 0.145418 0.712372
-2.04539 1.14674 -15.9447 0.0462012 0.684717 0.152942 0.711252
-2.06512 1.14486 -16.0032 0.0428893 0.683242 0.161977 0.710878
-2.09278 1.15874 -16.0667 0.0402895 0.68292 0.171486 0.709108
-2.12122 1.18447 -16.134 0.038253 0.684234 0.181918 0.705346
-2.14454 1.19381 -16.2116 0.0354022 0.68543 0.194833 0.700872
-2.16924 1.18971 -16.2918 0.0316713 0.687303 0.207098 0.695682
-2.20704 1.19221 -16.3717 0.0301223 0.68947 0.219858 0.689668
-2.24757 1.2195 -16.4658 0.0291888 0.691811 0.232686 0.683126
-2.2909 1.25512 -16.5765 0.0299419 0.694257 0.245698 0.676021
-2.32986 1.27543 -16.6862 0.0283772 0.698498 0.261385 0.665763
-2.3662 1.25693 -16.7863 0.0254692 0.704097 0.27771 0.653261
-2.41846 1.27886 -16.9076 0.0197553 0.708138 0.287176 0.64495
-2.4698 1.29939 -17.0358 0.0108854 0.713757 0.296831 0.634517
-2.51569 1.31839 -17.1993 0.00490635 0.71719 0.309757 0.624467
-2.57369 1.35468 -17.3367 0.000639744 0.723008 0.320774 0.6121
-2.62685 1.37023 -17.4736 -0.00539807 0.728132 0.333484 0.59908
-2.68555 1.39784 -17.5992 -0.011268 0.734908 0.344706 0.584198
-2.74999 1.44358 -17.7371 -0.0152899 0.740049 0.35558 0.57096
-2.8153 1.47261 -17.8861 -0.0195278 0.745116 0.367521 0.556509
-2.88028 1.50667 -18.0346 -0.0238001 0.75016 0.379051 0.541648
-2.96639 1.55481 -18.1478 -0.0265963 0.757115 0.387982 0.525286
-3.05265 1.57316 -18.3006 -0.0299148 0.761135 0.400187 0.509936
-3.14058 1.62109 -18.4515 -0.0313546 0.765 0.410155 0.495778
-3.22472 1.6561 -18.5934 -0.0327493 0.769668 0.419235 0.480634
-3.34613 1.70016 -18.7129 -0.0321325 0.774079 0.427086 0.466468
-3.48616 1.7347 -18.8136 -0.0313355 0.779009 0.433191 0.452474
-3.62506 1.78569 -18.8788 -0.0287532 0.783745 0.437962 0.439689
-3.80763 1.83082 -18.8385 -0.0252442 0.788612 0.440857 0.428157
-3.94195 1.84225 -18.7701 -0.0257229 0.791339 0.443369 0.42043
-4.05275 1.84642 -18.6295 -0.0335519 0.794817 0.438052 0.418889
-4.17619 1.85733 -18.485 -0.0417311 0.797317 0.431201 0.420507
-4.23527 1.8454 -18.3042 -0.0526331 0.800109 0.421858 0.423447
-4.28906 1.80575 -18.1304 -0.065643 0.801644 0.411968 0.428435
-4.33055 1.78285 -17.9465 -0.0787022 0.802888 0.399652 0.435513
-4.39247 1.78407 -17.7643 -0.0894802 0.803437 0.383761 0.446574
-4.44883 1.77014 -17.5652 -0.101523 0.803213 0.366751 0.458535
-4.50126 1.77187 -17.366 -0.112955 0.802266 0.348636 0.471469
-4.54755 1.75605 -17.2035 -0.125013 0.798809 0.331227 0.486607
-4.58944 1.74959 -16.9985 -0.136957 0.796303 0.310668 0.501082
-4.61048 1.71793 -16.7873 -0.150642 0.792779 0.290917 0.514406
-4.66617 1.70684 -16.6006 -0.160815 0.787398 0.270765 0.530328
-4.69849 1.6986 -16.3898 -0.17203 0.782692 0.250282 0.543655
-4.72544 1.65878 -16.1889 -0.18297 0.776039 0.232736 0.557233
-4.7437 1.63662 -15.9441 -0.192821 0.771173 0.213502 0.568249
-4.79339 1.61606 -15.7163 -0.200756 0.765242 0.195158 0.579984
-4.82114 1.59606 -15.5066 -0.207401 0.759063 0.180395 0.590443
-4.84965 1.59287 -15.2879 -0.211917 0.75374 0.165737 0.599874
-4.87764 1.56982 -15.0649 -0.216505 0.748427 0.153599 0.608057
-4.90933 1.54031 -14.8297 -0.219894 0.744609 0.14367 0.613924
-4.94706 1.54402 -14.6063 -0.218869 0.742174 0.136355 0.618883
-4.96859 1.53339 -14.3761 -0.218091 0.740912 0.133309 0.621328
-4.97282 1.49266 -14.1143 -0.218924 0.742015 0.134478 0.619466
-4.9932 1.48173 -13.8785 -0.214564 0.743901 0.136964 0.618184
-5.02793 1.45764 -13.6464 -0.209802 0.746574 0.143281 0.61516
-5.05563 1.47537 -13.41 -0.201247 0.751423 0.150453 0.610386
-5.07267 1.43641 -13.1568 -0.19498 0.756749 0.163074 0.602554
-5.10052 1.42436 -12.9093 -0.185567 0.763173 0.175659 0.59383
-5.1369 1.41464 -12.639 -0.175718 0.770575 0.189447 0.582936
-5.17568 1.39958 -12.3988 -0.164911 0.777125 0.206759 0.571411
-5.20455 1.38488 -12.1453 -0.154169 0.783911 0.225434 0.557931
-5.2446 1.35947 -11.8741 -0.144413 0.791128 0.244823 0.541973
-5.29188 1.34881 -11.6298 -0.132189 0.797564 0.263714 0.526595
-5.36394 1.32587 -11.3816 -0.120821 0.803475 0.283503 0.509811
-5.43594 1.32492 -11.1339 -0.107215 0.809164 0.302649 0.492325
-5.52485 1.31286 -10.9071 -0.0947618 0.813232 0.323347 0.4747
-5.61282 1.2977 -10.654 -0.0834741 0.817985 0.341909 0.455245
-5.71836 1.28785 -10.3947 -0.073189 0.822191 0.359545 0.435417
-5.82329 1.27249 -10.1418 -0.0634013 0.825239 0.376997 0.41599
-5.93431 1.26402 -9.8973 -0.054418 0.827717 0.392892 0.397203
-6.04636 1.25559 -9.64945 -0.0464732 0.83078 0.406712 0.377411
-6.14322 1.22734 -9.41819 -0.0434785 0.832683 0.420433 0.35804
-6.24824 1.20559 -9.19677 -0.0367435 0.837968 0.423666 0.342304
-6.36219 1.20599 -8.9643 -0.0297584 0.844159 0.423308 0.327907
-6.40854 1.19941 -8.96736 -0.0323083 0.844726 0.424913 0.324108
-6.51796 1.19493 -8.75701 -0.0299265 0.850663 0.423738 0.310039
-6.63499 1.16668 -8.55592 -0.0305016 0.854391 0.425443 0.297124
-6.74914 1.14852 -8.34558 -0.0325491 0.858962 0.424586 0.284691
-6.85611 1.12906 -8.15047 -0.0356459 0.86291 0.424315 0.272523
-6.97789 1.11663 -7.94872 -0.0399335 0.866788 0.422479 0.262278
-7.09458 1.10811 -7.74795 -0.0448756 0.870869 0.419632 0.252343
-7.20624 1.08882 -7.55774 -0.0506492 0.873456 0.41904 0.243123
-7.33709 1.08003 -7.35784 -0.0558753 0.876163 0.416669 0.236214
-7.47039 1.05318 -7.17344 -0.0601582 0.877557 0.416337 0.230503
-7.57705 1.0438 -6.99287 -0.065747 0.879524 0.415036 0.223726
-7.69562 1.01917 -6.81653 -0.0711808 0.879893 0.415368 0.21996
-7.81996 1.00305 -6.6348 -0.075389 0.880444 0.414825 0.217367
-7.95397 0.990498 -6.45684 -0.0782905 0.881021 0.413573 0.216385
-8.07611 0.977435 -6.27965 -0.0811301 0.881579 0.412271 0.215549
-8.18916 0.952567 -6.11758 -0.0836106 0.88087 0.413293 0.215546
-8.31116 0.933073 -5.95715 -0.0836555 0.880334 0.413552 0.217216
-8.4293 0.911115 -5.79619 -0.0830004 0.879357 0.414288 0.220003
-8.54916 0.895703 -5.63699 -0.0789895 0.882075 0.407352 0.223523
-8.67105 0.87592 -5.48774 -0.0744139 0.884228 0.400684 0.228582
-8.79915 0.85131 -5.3469 -0.0670699 0.885609 0.395084 0.23516
-8.91932 0.830642 -5.20682 -0.0588596 0.887111 0.38881 0.242055
-9.04489 0.80898 -5.06007 -0.0491952 0.888506 0.38199 0.249829
-9.16761 0.776809 -4.91162 -0.039588 0.889674 0.375092 0.257708
-9.30514 0.748898 -4.79439 -0.0283182 0.889531 0.369274 0.26789
-9.42908 0.722223 -4.66528 -0.0177617 0.889746 0.362124 0.277665
-9.54669 0.695283 -4.53485 -0.00614948 0.88957 0.354909 0.287859
-9.65066 0.671436 -4.39939 0.0048001 0.889259 0.347236 0.298027
-9.76729 0.644014 -4.27124 0.0168535 0.887796 0.340251 0.309775
-9.89889 0.611374 -4.16333 0.0288818 0.885474 0.333863 0.322237
-10.0132 0.59283 -4.05277 0.0396593 0.883558 0.326046 0.334136
-10.1396 0.561817 -3.94726 0.0505547 0.880455 0.319168 0.34724
-10.2575 0.542555 -3.84714 0.0611082 0.876955 0.311566 0.361033
-10.3734 0.515096 -3.75546 0.0704579 0.872569 0.305597 0.374799
-10.4967 0.493564 -3.66306 0.0796983 0.867709 0.298905 0.389348
-10.6162 0.485679 -3.58377 0.0885185 0.862392 0.291623 0.404485
-10.7384 0.454784 -3.51253 0.094463 0.856458 0.285909 0.419551
-10.8594 0.433446 -3.44596 0.0995406 0.850355 0.27998 0.434524
-10.9911 0.410119 -3.38838 0.102206 0.842958 0.274147 0.451702
-11.0931 0.393514 -3.31195 0.101977 0.836881 0.267684 0.466684
-11.1917 0.372629 -3.24331 0.102747 0.830086 0.262608 0.481308
-11.3048 0.345865 -3.18163 0.102536 0.821968 0.25863 0.497182
-11.4264 0.332002 -3.12756 0.102588 0.814026 0.253965 0.512602
-11.5395 0.301124 -3.09923 0.101771 0.804716 0.252364 0.528007
-11.6624 0.290157 -3.06155 0.0995906 0.795661 0.247704 0.544089
-11.7547 0.25878 -3.03181 0.0958046 0.78663 0.246706 0.558159
-11.8597 0.246525 -2.98293 0.0911233 0.778355 0.242107 0.572366
-11.9709 0.240521 -2.94096 0.086555 0.769428 0.237152 0.58702
-12.0584 0.242436 -2.89659 0.0807193 0.760908 0.232771 0.600546
-12.1402 0.219144 -2.85365 0.0740391 0.753255 0.230779 0.611713
-12.2137 0.185013 -2.83133 0.0661513 0.744772 0.229805 0.623256
-12.3097 0.175208 -2.8077 0.0605524 0.736177 0.226622 0.635084
-12.3978 0.169866 -2.77329 0.0542029 0.728706 0.223467 0.645305
-12.4825 0.153664 -2.759 0.0496853 0.721068 0.222447 0.65453
-12.5498 0.146855 -2.73722 0.0435297 0.713795 0.220525 0.663525
-12.616 0.129588 -2.7166 0.0373349 0.707263 0.219479 0.671197
-12.6846 0.115432 -2.71405 0.033066 0.700663 0.218955 0.678471
-12.7491 0.100542 -2.68509 0.028365 0.695651 0.217468 0.684294
-12.8082 0.0892414 -2.66911 0.024624 0.691 0.216818 0.689336
-12.859 0.0837968 -2.6504 0.0211663 0.687199 0.215911 0.693522
-12.9172 0.0693608 -2.63219 0.0185871 0.684694 0.215305 0.696256
-12.9559 0.0658072 -2.62173 0.0165662 0.682452 0.215109 0.698565
-13.0053 0.0570588 -2.61229 0.0154344 0.681284 0.215113 0.699729
-13.0425 0.0574818 -2.61367 0.0154309 0.679929 0.215205 0.701017
-13.0765 0.0592107 -2.58367 0.0152007 0.680604 0.21435 0.70063
-13.1034 0.0555072 -2.59034 0.0152261 0.680378 0.215131 0.70061
-13.1185 0.0589596 -2.58117 0.0158674 0.681074 0.215537 0.699794
-13.1433 0.0540085 -2.59181 0.0167195 0.681267 0.216067 0.699423
-13.1472 0.0476811 -2.58751 0.0168799 0.682418 0.217427 0.697875
-13.1559 0.0396927 -2.58242 0.0173607 0.684052 0.218122 0.696045
-13.1577 0.0381439 -2.57727 0.0180154 0.685828 0.219129 0.693962
-13.1624 0.0344541 -2.56389 0.0190127 0.688158 0.21989 0.691386
-13.1671 0.0356522 -2.58821 0.021035 0.688842 0.22214 0.689926
-13.1725 0.0406795 -2.58902 0.0225069 0.690709 0.223542 0.687557
-13.1751 0.038105 -2.58351 0.0229292 0.692806 0.224945 0.684971
-13.19 0.0297485 -2.59506 0.0237977 0.694077 0.226639 0.683095
-13.2013 0.0370552 -2.57896 0.0250627 0.69646 0.227815 0.680228
-13.211 0.022179 -2.58529 0.025066 0.697785 0.230258 0.678046
-13.2304 0.0136931 -2.58882 0.0258552 0.699055 0.232074 0.676087
-13.2457 0.0151811 -2.58014 0.0263157 0.700486 0.233058 0.674248
-13.2561 0.00455663 -2.5829 0.0265187 0.701358 0.234878 0.672702
-13.2663 0.0168976 -2.59014 0.0278377 0.701962 0.236081 0.671597
-13.2765 0.011694 -2.57223 0.0275699 0.703253 0.23688 0.669976
-13.2936 0.00725912 -2.57127 0.0277851 0.703708 0.237918 0.669122
-13.3143 0.00172562 -2.58157 0.0275143 0.703421 0.239094 0.669015
-13.3368 -0.00448764 -2.56485 0.0271556 0.703954 0.239139 0.668455
-13.3628 0.00199402 -2.55392 0.027539 0.704158 0.238945 0.668292
-13.3915 -0.00700798 -2.56991 0.027671 0.702962 0.239985 0.669172
-13.4323 -0.0140655 -2.54868 0.0271852 0.702925 0.238828 0.669645
-13.4811 -0.0178181 -2.53197 0.0272559 0.702447 0.237835 0.670497
-13.541 -0.0272631 -2.51669 0.0268739 0.701511 0.235644 0.672264
-13.6046 -0.0256773 -2.52536 0.0275029 0.699378 0.234457 0.67487
-13.6682 -0.0422079 -2.51503 0.0267454 0.697656 0.232162 0.67747
-13.7543 -0.0511313 -2.47536 0.0272946 0.696968 0.228261 0.679478
-13.841 -0.0729924 -2.46956 0.0274083 0.694643 0.224897 0.682967
-13.9405 -0.0805612 -2.45948 0.028857 0.691907 0.220477 0.687112
-14.0507 -0.0860209 -2.43724 0.0304995 0.689393 0.214693 0.691384
-14.1594 -0.119013 -2.42483 0.0310094 0.685791 0.210324 0.696267
-14.278 -0.125543 -2.41625 0.0329221 0.681942 0.203479 0.701969
-14.4046 -0.153045 -2.39977 0.0346005 0.678009 0.196759 0.707589
-14.5332 -0.164078 -2.38898 0.0364916 0.673231 0.188866 0.714173
-14.6423 -0.200917 -2.37389 0.0366173 0.66828 0.181434 0.720712
-14.7923 -0.224429 -2.34413 0.0392955 0.664047 0.17299 0.726535
-14.9414 -0.214758 -2.33487 0.0436282 0.658383 0.163776 0.733542
-15.0999 -0.230612 -2.3363 0.0457106 0.652241 0.155393 0.740688
-15.2451 -0.271955 -2.32577 0.0460301 0.646129 0.148074 0.747491
-15.4074 -0.301055 -2.34 0.0474921 0.638893 0.140821 0.754982
-15.5746 -0.332905 -2.32672 0.0484278 0.632935 0.134728 0.761027
-15.7261 -0.364301 -2.34178 0.0487982 0.625244 0.129299 0.768266
-15.8981 -0.394279 -2.36095 0.0489889 0.617485 0.124201 0.775336
-16.0747 -0.393152 -2.33127 0.0504047 0.61222 0.118661 0.780271
-16.2504 -0.399981 -2.31768 0.0505058 0.605839 0.114565 0.785836
-16.4317 -0.413195 -2.27902 0.0501836 0.600857 0.111778 0.790071
-16.6054 -0.38715 -2.20679 0.0506292 0.596456 0.110152 0.793598
-16.8151 -0.407152 -2.11136 0.047991 0.594573 0.109589 0.795252
-17.0048 -0.398138 -2.02747 0.0454777 0.590861 0.111748 0.79786
-17.1949 -0.391631 -1.91491 0.0426523 0.588291 0.115634 0.79936
-17.3781 -0.409417 -1.77906 0.036997 0.586799 0.122174 0.799766
-17.5286 -0.38228 -1.64835 0.0327004 0.584009 0.129739 0.800803
-17.6834 -0.378133 -1.46628 0.0264224 0.583517 0.139444 0.799763
-17.8363 -0.322543 -1.2694 0.0219496 0.583619 0.149321 0.798039
-17.9248 -0.304467 -1.1125 0.0142455 0.580125 0.163504 0.797982
-18.0602 -0.256545 -0.855804 0.00815983 0.582482 0.175463 0.793802
-18.1821 -0.235259 -0.669662 0.000583852 0.580424 0.189891 0.792029
-18.3176 -0.213368 -0.392804 -0.00740636 0.58296 0.203896 0.786634
-18.4363 -0.194201 -0.155866 -0.0156779 0.582793 0.218671 0.78266
-18.5715 -0.196302 0.101853 -0.0250628 0.583443 0.233242 0.777711
-18.6962 -0.174854 0.357476 -0.0335018 0.583093 0.247891 0.773112
-18.8262 -0.154151 0.603699 -0.0422534 0.581636 0.262009 0.769117
-18.9402 -0.150157 0.859233 -0.0523413 0.579641 0.275487 0.765286
-19.0814 -0.130737 1.16233 -0.0605018 0.580375 0.287139 0.759827
-19.2083 -0.108452 1.41309 -0.0681156 0.578322 0.298324 0.756433
-19.3134 -0.108072 1.65146 -0.0778575 0.575255 0.308513 0.753741
-19.4163 -0.0909054 1.87804 -0.0856913 0.571467 0.316837 0.752319
-19.4924 -0.0811952 2.1183 -0.0951035 0.567645 0.323382 0.751296
-19.5976 -0.0644596 2.35766 -0.102747 0.564383 0.326405 0.75144
-19.6874 -0.0672462 2.57202 -0.111588 0.558829 0.329644 0.752914
-19.7801 -0.0646242 2.77883 -0.119621 0.552787 0.32994 0.756003
-19.8766 -0.0564275 2.97538 -0.127354 0.546141 0.327596 0.760575
-19.9714 -0.0707049 3.16781 -0.137796 0.539098 0.322783 0.765819
-20.0874 -0.0530474 3.34142 -0.143869 0.53141 0.315033 0.773264
-20.1919 -0.0453103 3.50076 -0.150681 0.522346 0.304788 0.782195
-20.3074 -0.0359284 3.67428 -0.157083 0.513676 0.293306 0.791015
-20.423 -0.0232364 3.84423 -0.163087 0.504481 0.278943 0.80085
-20.5527 -0.00830368 4.01229 -0.167924 0.494423 0.263975 0.811128
-20.6857 0.00443643 4.19366 -0.172583 0.484615 0.247809 0.821106
-20.8172 0.012696 4.36368 -0.176793 0.473014 0.231401 0.831693
-20.9576 0.0418319 4.54314 -0.178704 0.462106 0.213082 0.842243
-21.1065 0.0568876 4.72226 -0.181268 0.451264 0.195852 0.851702
-21.2607 0.0580633 4.9176 -0.184389 0.441741 0.178201 0.85986
-21.4216 0.0702401 5.11721 -0.185799 0.432615 0.16102 0.86755
-21.594 0.0972724 5.32343 -0.185475 0.424567 0.143721 0.874604
-21.7592 0.107439 5.51834 -0.186084 0.41526 0.128932 0.881222
-21.945 0.1233 5.74187 -0.185481 0.410672 0.114978 0.885419
-22.1272 0.144485 5.94969 -0.183624 0.404107 0.102446 0.890352
-22.3205 0.152359 6.16892 -0.18166 0.399751 0.0915403 0.893901
-22.5117 0.157315 6.39655 -0.180049 0.397078 0.0824805 0.896297
-22.7104 0.176509 6.63037 -0.176483 0.396548 0.0753412 0.897868
-22.9028 0.190983 6.88758 -0.173494 0.399751 0.0707025 0.897408
-23.0921 0.20174 7.10935 -0.169795 0.400418 0.0686635 0.897976
-23.2894 0.223069 7.34153 -0.164733 0.4083 0.0670536 0.895488
-23.4919 0.206286 7.53794 -0.161749 0.412433 0.0703317 0.893885
-23.7028 0.194579 7.71833 -0.157789 0.418309 0.074874 0.891491
-23.9025 0.185467 7.89117 -0.152617 0.425955 0.0809576 0.888234
-24.1192 0.164934 8.01124 -0.148065 0.431746 0.0895253 0.885383
-24.3142 0.158266 8.15637 -0.145937 0.441883 0.0970804 0.879922
-24.4929 0.157896 8.31167 -0.144337 0.454272 0.104723 0.872975
-24.687 0.152662 8.45197 -0.140362 0.465197 0.113942 0.866694
-24.7364 0.101847 8.60105 -0.145821 0.486254 0.131803 0.851574
-24.8735 0.0767194 8.7335 -0.150303 0.495875 0.142224 0.843534
-25.0113 0.0654242 8.86509 -0.153348 0.507189 0.149414 0.834975
-25.1621 0.0840891 8.9209 -0.137915 0.511989 0.158762 0.83301
-25.3043 0.0893273 8.98966 -0.128658 0.518336 0.16909 0.828522
-25.4368 0.0927265 9.08415 -0.121848 0.526506 0.177031 0.822723
-25.5485 0.0820353 9.15943 -0.118436 0.53335 0.185467 0.816935
-25.6638 0.0668906 9.2292 -0.115362 0.539024 0.192934 0.811908
-25.767 0.0423947 9.30632 -0.115093 0.544711 0.200138 0.806389
-25.8705 0.0266288 9.38459 -0.114605 0.549795 0.205848 0.801558
-25.977 0.00161704 9.48154 -0.115678 0.555851 0.209907 0.796157
-26.0768 -0.0388753 9.55417 -0.116362 0.560259 0.216731 0.791125
-26.1591 -0.050235 9.65445 -0.119405 0.565225 0.216092 0.787306
-26.2515 -0.058779 9.73603 -0.121848 0.569261 0.214103 0.784564
-26.3199 -0.0919673 9.79834 -0.126344 0.570451 0.215294 0.782661
-26.3939 -0.107828 9.8779 -0.130239 0.573088 0.212318 0.780908
-26.4531 -0.130958 9.94709 -0.134961 0.575141 0.210317 0.779137
-26.5193 -0.148596 10.011 -0.139406 0.57681 0.204071 0.778782
-26.5735 -0.160912 10.0815 -0.143829 0.578888 0.195609 0.778608
-26.6259 -0.175395 10.1413 -0.148034 0.57929 0.187623 0.779486
-26.6847 -0.186072 10.1959 -0.151695 0.580347 0.180321 0.779719
-26.7348 -0.18933 10.2517 -0.155601 0.581322 0.168456 0.780876
-26.7698 -0.202744 10.2943 -0.160317 0.581239 0.157018 0.782367
-26.8015 -0.211861 10.3406 -0.164144 0.580972 0.143694 0.784329
-26.8285 -0.220083 10.3701 -0.165693 0.579617 0.132038 0.78705
-26.8588 -0.24844 10.4142 -0.170236 0.579526 0.117681 0.788423
-26.8696 -0.247562 10.4215 -0.168152 0.576058 0.104811 0.793212
-26.894 -0.240051 10.4493 -0.166219 0.57513 0.0877844 0.796353
-26.9152 -0.251876 10.4678 -0.16487 0.573386 0.0719638 0.799471
-26.9149 -0.246262 10.467 -0.158997 0.570464 0.0552081 0.804069
-26.9321 -0.261524 10.4471 -0.1531 0.566374 0.0402128 0.808978
-26.9455 -0.244748 10.4632 -0.146489 0.56466 0.0200751 0.812144
-26.9748 -0.252048 10.476 -0.137445 0.561116 0.00435137 0.816405
-26.9936 -0.259056 10.4885 -0.127174 0.557635 -0.0132054 0.820348
-27.0172 -0.258847 10.5101 -0.117346 0.554888 -0.0330428 0.82311
-27.0522 -0.267045 10.5305 -0.105605 0.551286 -0.0498949 0.826264
-27.0866 -0.271288 10.5688 -0.0933977 0.548608 -0.0674814 0.828265
-27.1319 -0.275386 10.6017 -0.0813931 0.545796 -0.0846653 0.829809
-27.1699 -0.274119 10.6518 -0.0681489 0.543394 -0.100661 0.830791
-27.2049 -0.276597 10.7109 -0.0552929 0.541611 -0.115307 0.831007
-27.2575 -0.292552 10.7803 -0.0431366 0.540393 -0.128305 0.830614
-27.3055 -0.306245 10.8337 -0.0297669 0.539121 -0.138458 0.830397
-27.3627 -0.339094 10.9002 -0.0175222 0.538669 -0.145888 0.829766
-27.4177 -0.353039 10.9872 -0.00542744 0.539871 -0.153102 0.827851
-27.503 -0.399616 11.0714 0.00278895 0.542008 -0.158755 0.825399
-27.5721 -0.42739 11.1598 0.0109182 0.545084 -0.163599 0.822355
-27.6275 -0.407757 11.2762 0.0201209 0.550082 -0.169199 0.817707
-27.7214 -0.47018 11.3948 0.0226392 0.557117 -0.171172 0.812452
-27.7983 -0.48119 11.5055 0.0241959 0.564489 -0.173859 0.806729
-27.8974 -0.514565 11.6361 0.0226059 0.574739 -0.174106 0.799454
-27.9975 -0.522421 11.732 0.0231779 0.585053 -0.169606 0.792899
-28.0884 -0.545423 11.8587 0.0211695 0.597271 -0.161604 0.785485
-28.1963 -0.554956 11.9625 0.0177345 0.609965 -0.152205 0.777657
-28.3187 -0.567363 12.0915 0.0122151 0.624444 -0.140738 0.768379
-28.4571 -0.566576 12.232 0.00615103 0.639598 -0.128144 0.758125
-28.5669 -0.549166 12.3622 -0.000508636 0.654139 -0.11478 0.747818
-28.7229 -0.564245 12.4986 -0.0102797 0.669198 -0.0992154 0.736571
-28.8777 -0.591918 12.6352 -0.0210675 0.683238 -0.0825509 0.725429
-29.0311 -0.590939 12.7796 -0.0313778 0.696766 -0.066457 0.713754
-29.1801 -0.578438 12.9272 -0.0416975 0.709389 -0.0508848 0.701981
-29.3566 -0.588546 13.1069 -0.0536725 0.721971 -0.0345773 0.689226
-29.525 -0.580597 13.2653 -0.0643443 0.732398 -0.0191007 0.677826
-29.698 -0.576635 13.452 -0.0759514 0.742082 -0.00397805 0.666259
-29.8744 -0.584692 13.6615 -0.0883246 0.751097 0.0100107 0.654474
-30.0434 -0.54083 13.811 -0.0971304 0.756814 0.0210354 0.646334
-30.2851 -0.521944 13.9031 -0.107022 0.761488 0.0322801 0.638781
-30.3515 -0.495104 13.6119 -0.117069 0.763921 0.043519 0.63343
-30.3468 -0.450356 13.3127 -0.124474 0.764538 0.0519033 0.63064
-30.3211 -0.440841 13.058 -0.132123 0.764415 0.0597194 0.628541
-30.2606 -0.401822 12.8715 -0.140405 0.76412 0.0628735 0.626796
-30.2072 -0.418683 12.678 -0.149316 0.760856 0.0660887 0.628375
-30.1584 -0.390721 12.4538 -0.154243 0.755457 0.0658067 0.633703
-30.1258 -0.366627 12.2327 -0.159005 0.748267 0.0614258 0.641444
-30.0773 -0.335285 11.9834 -0.163822 0.738851 0.0551998 0.651626
-30.0246 -0.322582 11.758 -0.166823 0.728424 0.049964 0.662922
-29.9769 -0.288964 11.5346 -0.167905 0.716991 0.0415615 0.675565
-29.9315 -0.278195 11.3036 -0.168646 0.703954 0.0335201 0.689389
-29.9047 -0.261588 11.0905 -0.170134 0.690472 0.0229292 0.702951
-29.8703 -0.234195 10.8545 -0.167811 0.675371 0.0130887 0.718258
-29.8363 -0.200423 10.6502 -0.166972 0.661129 0.00164748 0.731689
-29.7933 -0.15495 10.4245 -0.162988 0.645126 -0.0096036 0.746652
-29.7583 -0.126363 10.2002 -0.161083 0.629217 -0.0206343 0.760288
-29.7278 -0.0873213 10.0007 -0.157788 0.614552 -0.0303406 0.772546
-29.6831 -0.0645316 9.79714 -0.154015 0.600288 -0.0371834 0.784133
-29.647 -0.0551067 9.60364 -0.151889 0.586856 -0.0431211 0.794341
-29.6107 -0.0321101 9.41717 -0.148667 0.57482 -0.047751 0.803432
-29.5736 -0.0209699 9.24324 -0.147555 0.564435 -0.0501783 0.810816
-29.5255 -0.00600185 9.07586 -0.147381 0.555844 -0.0528676 0.81659
-29.4743 0.0237504 8.89878 -0.147516 0.549493 -0.0548105 0.820724
-29.4192 0.048965 8.73275 -0.148432 0.545284 -0.0542823 0.823396
-29.3636 0.0610577 8.5727 -0.149107 0.544668 -0.0477144 0.824089
-29.2991 0.0768856 8.39583 -0.14913 0.545637 -0.0386163 0.82392
-29.2175 0.089412 8.21331 -0.150319 0.548121 -0.0262768 0.82254
-29.1621 0.0984634 8.07432 -0.152695 0.554435 -0.0121203 0.818191
-29.0906 0.103892 7.93621 -0.155876 0.56206 0.00430633 0.812449
-29.0412 0.108487 7.80839 -0.159873 0.571312 0.0224928 0.804887
-28.9767 0.129093 7.6673 -0.162286 0.580497 0.042643 0.79698
-28.9193 0.145657 7.53807 -0.165737 0.590569 0.0640455 0.787384
-28.8687 0.155072 7.41132 -0.169519 0.600882 0.0875132 0.776445
-28.8147 0.170378 7.29102 -0.173552 0.611 0.11121 0.764539
-28.7671 0.177337 7.18733 -0.178772 0.621003 0.135538 0.751241
-28.7254 0.213225 7.05482 -0.179991 0.629161 0.159948 0.739271
-28.6869 0.214272 6.97706 -0.186412 0.639168 0.182864 0.723624
-28.6407 0.21878 6.86265 -0.190248 0.645181 0.209045 0.710079
-28.6079 0.237456 6.77387 -0.192988 0.651824 0.230914 0.696372
-28.5833 0.252126 6.6879 -0.195129 0.657054 0.254591 0.682477
-28.5497 0.259958 6.61924 -0.199127 0.661649 0.276144 0.668364
-28.5163 0.262282 6.52637 -0.201524 0.662761 0.296958 0.65754
-28.4939 0.288867 6.45888 -0.202372 0.663718 0.314274 0.648207
-28.4579 0.286151 6.39052 -0.20594 0.661903 0.333105 0.639483
-28.4566 0.305111 6.33404 -0.196764 0.664685 0.338871 0.636452
-28.4376 0.321912 6.2756 -0.189643 0.663475 0.346255 0.635902
-28.4233 0.305259 6.2523 -0.186093 0.662843 0.352748 0.634039
-28.4136 0.318869 6.21296 -0.1795 0.659514 0.359664 0.635524
-28.4194 0.319769 6.18977 -0.173261 0.655369 0.366107 0.637857
-28.416 0.328259 6.17775 -0.167562 0.650311 0.371682 0.64132
-28.4068 0.315284 6.16809 -0.165319 0.6433 0.378257 0.645115
-28.4185 0.312904 6.1732 -0.161299 0.636669 0.382922 0.649936
-28.414 0.306686 6.16806 -0.160291 0.62748 0.386681 0.656854
-28.4247 0.323202 6.15743 -0.156349 0.617549 0.390464 0.664924
-28.435 0.323853 6.13651 -0.154945 0.607175 0.394251 0.672523
-28.4269 0.309722 6.142 -0.161165 0.597849 0.392086 0.680629
-28.431 0.320972 6.14841 -0.166451 0.588332 0.388158 0.689834
-28.4271 0.311065 6.11756 -0.17332 0.576875 0.383755 0.700198
-28.4365 0.32093 6.07832 -0.177028 0.566283 0.37969 0.710058
-28.4224 0.318736 6.05509 -0.183783 0.556595 0.376853 0.717472
-28.4244 0.332265 6.01432 -0.1865 0.548466 0.373826 0.724577
-28.3996 0.323015 5.97147 -0.193045 0.539985 0.372835 0.729722
-28.4017 0.345397 5.90435 -0.193699 0.532887 0.371079 0.735635
-28.3901 0.338503 5.85484 -0.198267 0.528329 0.368813 0.738837
-28.3955 0.345769 5.79818 -0.197142 0.523954 0.354916 0.748988
-28.4106 0.367721 5.72278 -0.194414 0.520355 0.33811 0.759901
-28.4113 0.377447 5.66221 -0.194862 0.517656 0.32074 0.769101
-28.4239 0.38111 5.57993 -0.194002 0.515141 0.302755 0.77824
-28.4431 0.390214 5.50028 -0.194042 0.513134 0.283344 0.786816
-28.4793 0.388778 5.41449 -0.194312 0.512202 0.263491 0.794219
-28.5104 0.382019 5.30771 -0.195224 0.50996 0.242439 0.802102
-28.5756 0.363394 5.21724 -0.195358 0.509541 0.221942 0.808244
-28.632 0.330666 5.1179 -0.195744 0.506779 0.201428 0.815228
-28.7141 0.272674 5.03176 -0.196149 0.504563 0.181994 0.821053
-28.8139 0.206143 4.95691 -0.194809 0.501905 0.162591 0.82705
-28.9243 0.106433 4.92223 -0.19495 0.500011 0.144276 0.831549
-29.0344 -0.0018537 4.89553 -0.194572 0.497524 0.127638 0.835837
-29.1421 -0.125433 4.87356 -0.194325 0.494958 0.112457 0.839589
-29.237 -0.266994 4.8851 -0.194829 0.493369 0.0987693 0.842126
-29.3102 -0.417449 4.89244 -0.195315 0.491194 0.0860642 0.844674
-29.3567 -0.588435 4.92309 -0.195474 0.489595 0.0760589 0.846524
-29.3221 -0.767135 4.96724 -0.196116 0.488647 0.0684239 0.847574
-29.2056 -0.913069 5.0198 -0.197446 0.487888 0.063704 0.84807
-29.0522 -1.01991 5.04149 -0.197739 0.486909 0.0620992 0.848683
-28.8588 -1.08065 5.04996 -0.197699 0.485835 0.0629567 0.849245
-28.6517 -1.15497 5.04703 -0.199045 0.484665 0.0669772 0.849293
-28.4496 -1.20823 5.04566 -0.200513 0.485132 0.072298 0.848244
-28.2378 -1.25339 4.99709 -0.201304 0.48466 0.080605 0.847578
-28.0389 -1.30393 4.91794 -0.201921 0.484252 0.0915649 0.846552
-27.83 -1.34649 4.83626 -0.203049 0.484649 0.104198 0.844593
-27.6375 -1.38623 4.71961 -0.203987 0.484716 0.117835 0.842535
-27.4505 -1.44753 4.56962 -0.20558 0.484745 0.133161 0.839844
-27.2428 -1.49009 4.41254 -0.206451 0.48449 0.149638 0.836999
-27.0566 -1.49263 4.22134 -0.204568 0.483782 0.166701 0.834644
-26.861 -1.50536 4.02423 -0.203463 0.483529 0.185187 0.831159
-26.6871 -1.50348 3.80596 -0.201795 0.483342 0.202999 0.827507
-26.4996 -1.45523 3.58684 -0.199677 0.483003 0.220567 0.823715
-26.3467 -1.31046 3.3765 -0.196405 0.482547 0.238113 0.819876
-26.2177 -1.08669 3.29798 -0.19452 0.483719 0.254559 0.814679
-26.0937 -0.82739 3.2891 -0.190571 0.483585 0.270737 0.810466
-25.9555 -0.600905 3.3442 -0.187848 0.484709 0.28568 0.805286
-25.7984 -0.361914 3.38528 -0.182873 0.485082 0.300125 0.800942
-25.6312 -0.14501 3.43205 -0.178622 0.486237 0.312322 0.796527
-25.4497 0.0461113 3.4885 -0.174872 0.489018 0.322232 0.791696
-25.2605 0.241378 3.51035 -0.174481 0.489593 0.322287 0.791405
-25.0559 0.402813 3.50139 -0.173087 0.49086 0.321931 0.791071
-24.8249 0.539268 3.45209 -0.170096 0.491934 0.321843 0.79109
-24.5977 0.628219 3.41188 -0.167968 0.496082 0.32095 0.789315
-24.3793 0.683328 3.31398 -0.164049 0.499712 0.320454 0.788051
-24.1731 0.736078 3.19083 -0.158339 0.503518 0.319804 0.787061
-23.9702 0.775347 3.05293 -0.151979 0.507862 0.318504 0.78605
-23.796 0.790019 2.91413 -0.146177 0.513816 0.316715 0.784002
-23.6385 0.798741 2.75406 -0.139566 0.51949 0.314876 0.782207
-23.4929 0.794297 2.56291 -0.133196 0.524014 0.313239 0.780957
-23.3726 0.808684 2.37651 -0.125175 0.52917 0.310931 0.779729
-23.2639 0.816835 2.18407 -0.117917 0.533883 0.308701 0.778533
-23.1814 0.819827 1.98894 -0.110594 0.539014 0.306125 0.777088
-23.115 0.815255 1.77174 -0.103324 0.542674 0.304535 0.776167
-23.0639 0.815152 1.57408 -0.0970062 0.546336 0.302314 0.775282
-23.0283 0.830517 1.36716 -0.0887905 0.549509 0.299558 0.775092
-23.0232 0.839396 1.16005 -0.0798926 0.552376 0.296785 0.77509
-23.0118 0.834066 0.967612 -0.0733756 0.555127 0.294342 0.774701
-23.0183 0.840155 0.780543 -0.0657319 0.557859 0.291546 0.774481
-23.0316 0.801939 0.618272 -0.0620033 0.560983 0.289337 0.77336
-23.0483 0.784238 0.462105 -0.0588629 0.563354 0.283903 0.773896
-23.0655 0.767442 0.306672 -0.0558372 0.564595 0.279396 0.774856
-23.1023 0.719187 0.165553 -0.0549401 0.566319 0.275175 0.775172
-23.1368 0.697619 0.0129875 -0.0526536 0.566282 0.271571 0.776627
-23.1903 0.665142 -0.115897 -0.0509631 0.567205 0.267889 0.777345
-23.2475 0.63002 -0.244641 -0.0494649 0.567836 0.26459 0.778111
-23.2895 0.575694 -0.342863 -0.0501647 0.567689 0.262116 0.77901
-23.3313 0.54586 -0.468563 -0.0496211 0.565741 0.261412 0.780696
-23.3746 0.481917 -0.573893 -0.0510385 0.564245 0.262212 0.781419
-23.411 0.451604 -0.663626 -0.0511759 0.562379 0.261695 0.782926
-23.4547 0.412446 -0.733416 -0.0523467 0.560918 0.2612 0.784063
-23.5063 0.385956 -0.793915 -0.0533099 0.559572 0.259834 0.785412
-23.5582 0.329686 -0.843291 -0.0559295 0.558397 0.260158 0.785958
-23.6041 0.294671 -0.910206 -0.0575231 0.555557 0.26123 0.787499
-23.6554 0.271845 -0.976789 -0.0590223 0.552616 0.262742 0.788952
-23.6844 0.219508 -1.0452 -0.0625988 0.548977 0.265433 0.790316
-23.7359 0.189859 -1.09227 -0.0654063 0.545598 0.267793 0.791631
-23.7691 0.141379 -1.12775 -0.0699978 0.542236 0.270357 0.792676
-23.8133 0.116871 -1.14977 -0.0735151 0.538963 0.272758 0.793766
-23.8727 0.0897045 -1.18192 -0.0771203 0.535326 0.275635 0.794891
-23.9006 0.0602671 -1.23453 -0.0812863 0.52958 0.280685 0.796555
-23.9141 0.0327464 -1.28005 -0.0863739 0.52326 0.286709 0.79805
-23.9656 0.0399697 -1.28952 -0.0901418 0.519216 0.288965 0.799459
-23.9994 0.0172291 -1.29854 -0.0967246 0.514167 0.291158 0.801155
-24.0227 -0.014808 -1.32954 -0.104713 0.507133 0.293638 0.803724
-24.0629 -0.00473684 -1.35129 -0.110667 0.500603 0.29479 0.806592
-24.066 -0.0345778 -1.36826 -0.119752 0.49323 0.296581 0.809176
-24.0729 -0.0193788 -1.40721 -0.126435 0.484609 0.298012 0.812833
-24.1021 -0.0315017 -1.3801 -0.134324 0.479377 0.29839 0.81453
-24.1023 -0.0440994 -1.40186 -0.142742 0.471114 0.299725 0.817424
-24.1188 -0.0451305 -1.42221 -0.149849 0.463436 0.300391 0.82029
-24.1231 -0.0567561 -1.43578 -0.15811 0.45589 0.301298 0.822631
-24.1319 -0.0516759 -1.4448 -0.165469 0.448673 0.301636 0.825024
-24.1315 -0.0446384 -1.46805 -0.17269 0.440729 0.301959 0.827703
-24.1374 -0.0316652 -1.4674 -0.179596 0.434305 0.30191 0.829644
-24.1301 -0.0345628 -1.47693 -0.18728 0.427224 0.302259 0.831493
-24.1388 -0.0297355 -1.47178 -0.193981 0.422018 0.302099 0.832672
-24.1192 -0.0181451 -1.47646 -0.200551 0.415991 0.302818 0.833886
-24.1246 -0.0236939 -1.47821 -0.207671 0.411772 0.302627 0.834307
-24.109 -0.0274092 -1.48064 -0.214168 0.40707 0.303528 0.834644
-24.119 -0.0293438 -1.46158 -0.224338 0.402746 0.295405 0.836981
-24.1226 -0.0228283 -1.45457 -0.233993 0.398407 0.286051 0.839658
-24.135 -0.0367857 -1.46477 -0.244068 0.392782 0.275822 0.842857
-24.1628 -0.0354825 -1.46628 -0.253627 0.389541 0.262968 0.845642
-24.1692 -0.0486381 -1.46979 -0.264414 0.385072 0.250768 0.848087
-24.1968 -0.0497307 -1.4804 -0.273756 0.381177 0.236958 0.850849
-24.2155 -0.0714443 -1.50083 -0.284025 0.376737 0.223195 0.853178
-24.2515 -0.0820464 -1.51179 -0.293617 0.373341 0.207817 0.855305
-24.261 -0.100155 -1.52704 -0.303532 0.368807 0.193921 0.857072
-24.2792 -0.126218 -1.54423 -0.313311 0.364794 0.179402 0.858432
-24.3179 -0.143778 -1.57478 -0.32169 0.360903 0.163819 0.860091
-24.3701 -0.172522 -1.59952 -0.330582 0.357227 0.147838 0.861148
-24.4269 -0.193502 -1.63071 -0.33828 0.354063 0.131604 0.862099
-24.4616 -0.214368 -1.67162 -0.345767 0.349718 0.116677 0.863051
-24.509 -0.239849 -1.71641 -0.352626 0.345589 0.101786 0.863823
-24.562 -0.270216 -1.76192 -0.358529 0.341773 0.0880617 0.86442
-24.6122 -0.305254 -1.80398 -0.364865 0.337738 0.0750307 0.864584
-24.6707 -0.328438 -1.84081 -0.370045 0.334473 0.0625277 0.864646
-24.7406 -0.351816 -1.872 -0.3746 0.331634 0.0508233 0.864546
-24.7986 -0.391381 -1.8974 -0.379454 0.327992 0.0412479 0.864328
-24.8757 -0.410884 -1.90964 -0.381535 0.327461 0.0358082 0.863856
-24.9572 -0.431278 -1.90486 -0.382168 0.328443 0.0369116 0.863157
-25.0516 -0.410562 -1.87304 -0.381481 0.329958 0.0365548 0.862899
-25.1218 -0.394212 -1.84567 -0.381036 0.329591 0.0369085 0.863221
-25.2053 -0.360505 -1.79372 -0.380747 0.330058 0.036366 0.863193
-25.288 -0.337787 -1.74832 -0.380496 0.329591 0.0354681 0.86352
-25.3625 -0.317999 -1.69159 -0.380671 0.329558 0.0347462 0.863485
-25.4312 -0.295137 -1.6381 -0.380761 0.328274 0.0337624 0.863973
-25.4953 -0.290396 -1.58998 -0.380761 0.326493 0.033706 0.864649
-25.5644 -0.291657 -1.53382 -0.381292 0.324864 0.0327668 0.865065
-25.6173 -0.312129 -1.47934 -0.382639 0.322166 0.0327158 0.865481
-25.7119 -0.272574 -1.427 -0.380356 0.322118 0.0291291 0.866632
-25.7619 -0.28193 -1.36754 -0.381693 0.318615 0.0287984 0.86735
-25.8335 -0.296822 -1.2981 -0.383194 0.316845 0.0266953 0.867404
-25.8777 -0.302451 -1.25315 -0.383517 0.312731 0.0266731 0.868754
-25.9295 -0.311593 -1.19324 -0.384648 0.309413 0.0251011 0.869489
-25.9824 -0.319552 -1.15112 -0.384678 0.305379 0.023803 0.870936
-26.0514 -0.327104 -1.08025 -0.385672 0.302785 0.0210933 0.871472
-26.1037 -0.332311 -1.03622 -0.385412 0.298703 0.0197295 0.873026
-26.1694 -0.331059 -0.984853 -0.385399 0.295463 0.01728 0.874185
-26.2349 -0.318577 -0.932994 -0.383529 0.294843 0.0196724 0.875166
-26.2844 -0.33906 -0.883881 -0.38182 0.293477 0.024086 0.876261
-26.3425 -0.330966 -0.824411 -0.380302 0.293286 0.0275112 0.876884
-26.4034 -0.337607 -0.773769 -0.378688 0.293156 0.0306665 0.877522
-26.4607 -0.343872 -0.718794 -0.377493 0.292369 0.0343189 0.878163
-26.5133 -0.346772 -0.659622 -0.375993 0.291913 0.0380969 0.878803
-26.579 -0.350859 -0.59799 -0.375158 0.292121 0.0407812 0.87897
-26.6323 -0.347919 -0.543469 -0.37361 0.292105 0.0447685 0.87944
-26.6837 -0.341896 -0.50477 -0.371437 0.291296 0.0487638 0.880416
-26.734 -0.340062 -0.457853 -0.369434 0.290579 0.0532696 0.881235
-26.7997 -0.34478 -0.39665 -0.368628 0.292308 0.0564479 0.880802
-26.8525 -0.335316 -0.367242 -0.366032 0.291755 0.0606762 0.881787
-26.914 -0.342881 -0.315654 -0.365199 0.292399 0.0637946 0.881699
-26.9614 -0.340352 -0.286967 -0.363117 0.291821 0.0679485 0.88244
-27.0093 -0.327845 -0.257082 -0.360283 0.292581 0.0725455 0.882984
-27.0585 -0.324318 -0.213859 -0.360075 0.292574 0.0770619 0.882689
-27.1155 -0.31346 -0.182409 -0.357619 0.294361 0.0812499 0.882717
-27.1757 -0.311315 -0.149889 -0.355882 0.296254 0.0854953 0.882385
-27.2321 -0.298777 -0.116124 -0.352993 0.298218 0.0900207 0.882434
-27.2933 -0.288457 -0.0797904 -0.351912 0.301479 0.0942746 0.881313
-27.3353 -0.282238 -0.0470889 -0.350666 0.302756 0.0993978 0.880809
-27.385 -0.275418 -0.0154929 -0.34872 0.303698 0.103765 0.880754
-27.4332 -0.257862 0.0313161 -0.348282 0.307074 0.108229 0.879219
-27.4868 -0.244801 0.0588748 -0.346369 0.309938 0.112335 0.878455
-27.5411 -0.225055 0.0912956 -0.344524 0.31314 0.115702 0.877608
-27.585 -0.216169 0.12858 -0.343963 0.315693 0.12032 0.876292
-27.6295 -0.210927 0.158749 -0.343229 0.317968 0.12567 0.875006
-27.6753 -0.196099 0.200289 -0.342428 0.321328 0.130047 0.873452
-27.7198 -0.180524 0.227182 -0.340701 0.323582 0.134033 0.872693
-27.7705 -0.160364 0.253628 -0.339056 0.326746 0.138646 0.871433
-27.8241 -0.145656 0.276446 -0.33707 0.330129 0.142798 0.870258
-27.8623 -0.124649 0.298802 -0.335321 0.331845 0.147027 0.869577
-27.908 -0.105536 0.328083 -0.333732 0.334583 0.151007 0.868457
-27.9547 -0.0910945 0.352949 -0.33238 0.335486 0.155388 0.867854
-27.9958 -0.0716315 0.369775 -0.330562 0.336551 0.160243 0.867253
-28.0167 -0.0619199 0.38123 -0.329424 0.336898 0.165738 0.866519
-28.0575 -0.0543427 0.398112 -0.328063 0.338193 0.169613 0.865781
-28.0809 -0.0354149 0.418631 -0.326938 0.338926 0.174855 0.864877
-28.0972 -0.024272 0.420435 -0.324485 0.337525 0.179038 0.865493
-28.1173 -0.0224171 0.429439 -0.323083 0.336522 0.182387 0.865708
-28.1161 -0.018415 0.431956 -0.321229 0.33431 0.187087 0.866252
-28.1306 -0.0205855 0.423008 -0.317858 0.331988 0.190153 0.86772
-28.1366 -0.0166528 0.429428 -0.315442 0.329245 0.194101 0.868771
-28.1465 -0.0142401 0.437753 -0.313286 0.325674 0.197238 0.870189
-28.1731 -0.00136873 0.449749 -0.310056 0.323056 0.198935 0.871934
-28.1976 0.00655179 0.459125 -0.307166 0.318802 0.201583 0.873911
-28.22 0.0178739 0.472813 -0.304058 0.314723 0.20484 0.875718
-28.2562 0.0322916 0.480284 -0.299845 0.31096 0.207047 0.877992
-28.2861 0.0498768 0.491248 -0.296353 0.306004 0.209743 0.880276
-28.3236 0.0619262 0.507648 -0.292664 0.302233 0.212361 0.882182
-28.3562 0.0749266 0.520672 -0.288757 0.298113 0.215724 0.884053
-28.4086 0.10143 0.54848 -0.284347 0.295212 0.218188 0.885849
-28.4489 0.121151 0.573008 -0.280168 0.29199 0.221476 0.887432
-28.5155 0.142683 0.604076 -0.27577 0.290764 0.222529 0.888947
-28.5766 0.178714 0.640402 -0.270682 0.290371 0.224374 0.890174
-28.6393 0.210147 0.664555 -0.264522 0.289518 0.227606 0.891482
-28.7076 0.248391 0.696924 -0.258028 0.289742 0.230748 0.892504
-28.7809 0.279644 0.730238 -0.251564 0.291119 0.234311 0.892973
-28.8598 0.314234 0.757744 -0.244178 0.293038 0.238055 0.893405
-28.9568 0.352302 0.7841 -0.235486 0.297146 0.24171 0.893401
-29.0371 0.385338 0.828727 -0.229413 0.300769 0.241957 0.893702
-29.1292 0.422411 0.879325 -0.222264 0.305657 0.242476 0.893709
-29.2185 0.453645 0.939754 -0.215562 0.310495 0.244323 0.89318
-29.3146 0.479051 1.00878 -0.208148 0.317018 0.24526 0.89239
-29.4207 0.50009 1.09172 -0.201144 0.324293 0.246487 0.891044
-29.5362 0.506216 1.19258 -0.194306 0.332876 0.246868 0.889289
-29.6365 0.51518 1.29796 -0.187575 0.341394 0.248696 0.886994
-29.7717 0.512336 1.41514 -0.180362 0.350665 0.24879 0.884845
-29.8808 0.501076 1.53702 -0.173656 0.35897 0.250845 0.882273
-30.009 0.48919 1.66319 -0.166421 0.36751 0.251811 0.879874
-30.1333 0.462815 1.79945 -0.160815 0.376422 0.253436 0.876677
-30.2873 0.433847 1.94277 -0.154548 0.386429 0.253405 0.873455
-30.4098 0.394976 2.07207 -0.150208 0.393288 0.256219 0.870325
-30.5706 0.360689 2.21299 -0.146358 0.401758 0.257268 0.866797
-30.7626 0.330786 2.35663 -0.143178 0.410122 0.257261 0.863407
-30.9575 0.28475 2.46797 -0.140932 0.41687 0.25878 0.860086
-31.1551 0.246427 2.5708 -0.139421 0.422364 0.260528 0.85712
-31.3819 0.212195 2.6769 -0.138709 0.427789 0.262043 0.854079
-31.6014 0.184443 2.7738 -0.138407 0.431639 0.26348 0.851746
-31.843 0.152522 2.887 -0.139065 0.435296 0.26412 0.849578
-32.0619 0.120617 3.04043 -0.144812 0.43611 0.258605 0.849897
-32.2977 0.0695787 3.2556 -0.152822 0.437719 0.251024 0.849941
-32.4588 0.0354645 3.40674 -0.160535 0.434066 0.244565 0.852272
-32.6469 0.00837115 3.61047 -0.170171 0.433053 0.235076 0.853586
-32.8432 -0.0329987 3.79563 -0.180722 0.430235 0.226336 0.855204
-33.0291 -0.0745556 3.95795 -0.192254 0.425672 0.217638 0.857227
-33.185 -0.0951739 4.11031 -0.203889 0.420443 0.208637 0.859355
-33.3469 -0.116418 4.2561 -0.215744 0.414803 0.199843 0.861289
-33.5014 -0.142284 4.41751 -0.22874 0.40943 0.189947 0.862744
-33.6621 -0.164982 4.57358 -0.241632 0.403678 0.18161 0.863734
-33.816 -0.162801 4.7229 -0.252735 0.397694 0.172518 0.865195
-33.9814 -0.184804 4.88918 -0.265071 0.39279 0.162683 0.86565
-34.1057 -0.19379 5.01287 -0.276689 0.38568 0.154909 0.866637
-34.2285 -0.205565 5.13819 -0.287266 0.379153 0.147699 0.867334
-34.3156 -0.182249 5.2519 -0.295431 0.371842 0.141677 0.868759
-34.4166 -0.182744 5.40211 -0.30357 0.367934 0.13572 0.868569
-34.3754 -0.179776 5.54313 -0.311108 0.362783 0.13202 0.868638
-34.2732 -0.171749 5.6473 -0.31822 0.359833 0.127691 0.867936
-34.1329 -0.162382 5.66602 -0.32192 0.356084 0.12761 0.86813
-33.989 -0.15169 5.66876 -0.323872 0.352808 0.128781 0.868568
-33.8564 -0.187545 5.66667 -0.32705 0.350551 0.132616 0.867714
-33.7315 -0.181282 5.66687 -0.327154 0.350089 0.136135 0.867316
-33.605 -0.177671 5.6684 -0.324857 0.350695 0.141115 0.86714
-33.4763 -0.169781 5.65831 -0.32052 0.351388 0.147778 0.867363
-33.3292 -0.157686 5.65615 -0.315546 0.352549 0.156025 0.867272
-33.1989 -0.168792 5.64847 -0.309997 0.355367 0.16418 0.866618
-33.0405 -0.149357 5.61976 -0.301373 0.357136 0.174089 0.866999
-32.9006 -0.140925 5.60093 -0.292815 0.360236 0.183303 0.86675
-32.7357 -0.127035 5.57739 -0.283482 0.362596 0.193806 0.866584
-32.5886 -0.117748 5.56786 -0.274334 0.366224 0.203051 0.865886
-32.4369 -0.115616 5.56692 -0.265465 0.369894 0.213035 0.864691
-32.2648 -0.100752 5.55028 -0.256187 0.372399 0.223074 0.863883
-32.1016 -0.1002 5.54579 -0.247302 0.375427 0.232233 0.862747
-31.9182 -0.0896422 5.5182 -0.237689 0.376661 0.241705 0.86231
-31.7599 -0.0788394 5.51154 -0.228767 0.379529 0.248256 0.861605
-31.5878 -0.0749478 5.49397 -0.221526 0.38006 0.256297 0.860908
-31.4253 -0.0535555 5.44619 -0.212273 0.378877 0.263097 0.861709
-31.2726 -0.0346383 5.43059 -0.205236 0.378164 0.267597 0.862341
-31.1306 -0.0216517 5.42183 -0.199483 0.37717 0.270737 0.863145
-30.9874 -0.0124217 5.41119 -0.195452 0.374741 0.272511 0.864566
-30.8512 0.0148486 5.3861 -0.192256 0.370476 0.270714 0.867679
-30.7257 0.0146083 5.37854 -0.191808 0.366256 0.268628 0.870214
-30.5956 0.00962801 5.37141 -0.19263 0.361516 0.267125 0.872473
-30.4723 0.0110321 5.33882 -0.193734 0.354676 0.264684 0.875773
-30.3682 0.0240511 5.32344 -0.195223 0.348902 0.25933 0.879355
-30.2715 0.0297305 5.32813 -0.198116 0.344019 0.252315 0.882667
-30.1533 0.0251218 5.31035 -0.202166 0.336628 0.245482 0.886515
-30.0616 0.0440766 5.29691 -0.205661 0.329687 0.237487 0.890487
-29.9573 0.0551446 5.27915 -0.209439 0.322517 0.229398 0.894344
-29.8411 0.079439 5.24823 -0.2136 0.313951 0.22096 0.898522
-29.7235 0.0900656 5.22097 -0.218381 0.305891 0.213022 0.902062
-29.6617 0.111094 5.20674 -0.221821 0.301057 0.204069 0.904914
-29.5367 0.105492 5.1786 -0.22849 0.293033 0.197172 0.907413
-29.4543 0.120258 5.16611 -0.233035 0.288193 0.189733 0.909391
-29.3257 0.102729 5.15429 -0.241219 0.281711 0.184524 0.91036
-29.2379 0.109551 5.14601 -0.245436 0.278523 0.178766 0.911362
-29.1595 0.119388 5.13578 -0.248751 0.277118 0.17508 0.911607
-29.0785 0.117189 5.12874 -0.252909 0.276898 0.171997 0.911117
-29.0008 0.142484 5.10044 -0.254068 0.277455 0.169986 0.911002
-28.9152 0.134075 5.08867 -0.25685 0.279657 0.171194 0.909322
-28.8255 0.15333 5.06133 -0.257266 0.282994 0.172175 0.907986
-28.7541 0.164263 5.05273 -0.256741 0.289589 0.175071 0.905499
-28.6653 0.179969 5.01539 -0.254474 0.296103 0.178906 0.90328
-28.6034 0.177006 5.02053 -0.253492 0.305617 0.186511 0.898839
-28.5392 0.184133 5.01265 -0.250574 0.316541 0.192554 0.894594
-28.4453 0.171189 4.99149 -0.248999 0.325456 0.203117 0.889486
-28.378 0.186681 4.99213 -0.244307 0.337778 0.211824 0.884148
-28.3206 0.187142 4.99539 -0.240023 0.350811 0.22038 0.878137
-28.254 0.185992 4.97849 -0.234871 0.362661 0.229677 0.872315
-28.1978 0.192197 4.96875 -0.229041 0.37529 0.238667 0.86609
-28.1321 0.196781 4.96395 -0.223854 0.38763 0.247683 0.859456
-28.0829 0.196506 4.96059 -0.218089 0.399677 0.257458 0.852522
-28.0456 0.199265 4.95487 -0.211759 0.411777 0.264343 0.846231
-27.9989 0.193198 4.94332 -0.206214 0.421815 0.272289 0.840118
-27.9693 0.195147 4.94127 -0.200281 0.43182 0.279101 0.834216
-27.9566 0.205755 4.93793 -0.19329 0.440626 0.284237 0.829515
-27.9374 0.194258 4.93549 -0.188923 0.447897 0.288753 0.825057
-27.9276 0.19306 4.93883 -0.184185 0.454386 0.292135 0.821382
-27.9229 0.186367 4.94028 -0.179629 0.459488 0.294194 0.818815
-27.9089 0.187494 4.93241 -0.175037 0.463546 0.292367 0.818177
-27.8755 0.192814 4.9167 -0.170687 0.464207 0.291421 0.819058
-27.8473 0.198181 4.93591 -0.168458 0.465672 0.285925 0.820623
-27.8112 0.204692 4.91868 -0.165226 0.464212 0.280833 0.823859
-27.766 0.203862 4.90769 -0.163773 0.461839 0.273578 0.827912
-27.7062 0.204045 4.90125 -0.162995 0.457995 0.265241 0.832897
-27.6338 0.220938 4.88934 -0.16171 0.452928 0.256185 0.838731
-27.5709 0.234325 4.87744 -0.160359 0.447555 0.246096 0.844872
-27.4784 0.233373 4.86285 -0.161097 0.440941 0.23574 0.851137
-27.3832 0.23308 4.83128 -0.161472 0.43304 0.225413 0.857892
-27.2797 0.238422 4.82204 -0.162326 0.426055 0.213833 0.864169
-27.1714 0.252908 4.79898 -0.161785 0.418226 0.201879 0.870942
-27.0587 0.273282 4.77794 -0.160849 0.410279 0.190798 0.877367
-26.9264 0.289628 4.75502 -0.160556 0.402354 0.179816 0.883389
-26.7752 0.297997 4.72237 -0.161366 0.393719 0.169727 0.889108
-26.6272 0.306243 4.6898 -0.161369 0.386252 0.159443 0.89427
-26.4626 0.326622 4.65563 -0.160362 0.378992 0.150059 0.899167
-26.2896 0.329209 4.62416 -0.161246 0.372644 0.142941 0.902814
-26.1214 0.332176 4.58849 -0.161246 0.367757 0.135843 0.905907
-25.9359 0.343573 4.54852 -0.160595 0.364167 0.129431 0.908408
-25.7337 0.358909 4.49931 -0.159408 0.360964 0.125815 0.910401
-25.5302 0.388069 4.45011 -0.156442 0.359755 0.123019 0.911775
-25.3094 0.39454 4.40184 -0.15587 0.359529 0.123852 0.911849
-25.083 0.404431 4.35353 -0.154219 0.361505 0.124423 0.911271
-24.8387 0.421333 4.29071 -0.151689 0.363525 0.127918 0.910408
-24.5871 0.445379 4.21531 -0.147784 0.366538 0.131573 0.909321
-24.3283 0.467984 4.14804 -0.144733 0.370723 0.136108 0.907447
-24.0565 0.500396 4.08538 -0.141103 0.375843 0.141841 0.905032
-23.7937 0.522283 4.0157 -0.137482 0.382217 0.148222 0.901892
-23.5085 0.539616 3.94488 -0.134534 0.388743 0.156435 0.898154
-23.241 0.56052 3.87825 -0.130991 0.396815 0.163943 0.893799
-22.969 0.584058 3.80783 -0.127046 0.404702 0.172296 0.889251
-22.7035 0.612511 3.71664 -0.122131 0.411414 0.181585 0.885002
-22.435 0.625243 3.64923 -0.118988 0.419112 0.191624 0.879687
-22.1683 0.63987 3.57112 -0.115858 0.427176 0.20084 0.874155
-21.9153 0.67533 3.4946 -0.111039 0.43496 0.209365 0.868927
-21.6626 0.684573 3.42217 -0.108483 0.442699 0.218063 0.863185
-21.41 0.714388 3.34383 -0.104299 0.449528 0.226552 0.857971
-21.1585 0.708958 3.26878 -0.102748 0.456492 0.235453 0.852066
-20.9014 0.719296 3.18729 -0.100586 0.461423 0.243588 0.84737
-20.669 0.737111 3.11379 -0.0976797 0.467398 0.250181 0.842502
-20.4445 0.759131 3.03961 -0.094329 0.473847 0.25572 0.837605
-20.224 0.808549 2.94667 -0.0881771 0.477898 0.260369 0.834537
-20.007 0.841306 2.86469 -0.085264 0.482439 0.261812 0.831772
-19.7947 0.85918 2.77339 -0.0850102 0.485956 0.262801 0.829436
-19.5843 0.875841 2.68086 -0.0851389 0.488223 0.264169 0.827656
-19.39 0.906999 2.58544 -0.0838914 0.490981 0.263911 0.826234
-19.209 0.923015 2.4866 -0.0828713 0.493346 0.264831 0.824632
-19.0133 0.940032 2.37858 -0.082398 0.49554 0.265909 0.823017
-18.833 0.948093 2.26902 -0.0829003 0.497767 0.266893 0.821302
-18.6682 0.968523 2.15529 -0.0820443 0.500566 0.267174 0.819595
-18.5033 0.984857 2.03227 -0.0822584 0.50218 0.267732 0.818403
-18.3554 0.99093 1.91631 -0.0829797 0.504803 0.26893 0.816322
-18.2066 0.996484 1.79043 -0.084127 0.506454 0.269917 0.814856
-18.0603 1.0035 1.66449 -0.0855023 0.50814 0.27111 0.813266
-17.9249 1.00811 1.54571 -0.0871633 0.51007 0.272797 0.811316
-17.788 1.01463 1.42068 -0.0888657 0.512115 0.274903 0.80913
-17.6485 1.01612 1.30946 -0.0927544 0.51372 0.277426 0.806812
-17.5172 1.03063 1.18933 -0.0954562 0.51592 0.279385 0.804415
-17.3767 1.03692 1.05111 -0.0988482 0.517313 0.282059 0.802175
-17.2372 1.03543 0.917263 -0.1036 0.519188 0.285424 0.79917
-17.0956 1.03904 0.774629 -0.108138 0.520676 0.289084 0.796281
-16.9482 1.03504 0.63718 -0.113756 0.522451 0.293232 0.792813
-16.7918 1.03859 0.507046 -0.119916 0.525348 0.297352 0.788446
-16.6203 1.03601 0.370628 -0.126978 0.527304 0.302163 0.784196
-16.4471 1.03857 0.239485 -0.133283 0.529736 0.306833 0.779686
-16.2609 1.03919 0.119341 -0.140605 0.53229 0.31175 0.774697
-16.0743 1.07034 0.00630618 -0.14581 0.534684 0.315896 0.770396
-15.8579 1.10383 -0.0902914 -0.153657 0.536274 0.320983 0.765651
-15.6406 1.1397 -0.180303 -0.160742 0.538767 0.325978 0.76032
-15.4185 1.16974 -0.277715 -0.168231 0.540548 0.331123 0.755198
-15.1976 1.19737 -0.372837 -0.175673 0.542423 0.336339 0.749838
-14.9868 1.23131 -0.468461 -0.181855 0.543686 0.341954 0.744896
-14.7764 1.25543 -0.554891 -0.188781 0.545516 0.346733 0.739611
-14.573 1.27084 -0.646215 -0.194855 0.546761 0.352021 0.734604
-14.3661 1.28177 -0.731456 -0.201769 0.547165 0.356808 0.730116
-14.1722 1.29406 -0.812529 -0.207025 0.548537 0.361308 0.72539
-13.9774 1.29192 -0.882462 -0.213842 0.549832 0.36531 0.720413
-13.7998 1.31504 -0.961992 -0.216592 0.551904 0.369593 0.715812
-13.615 1.31838 -1.04009 -0.221072 0.552366 0.372929 0.712349
-13.4345 1.3155 -1.10666 -0.227214 0.551546 0.377072 0.708865
-13.2623 1.33038 -1.17812 -0.23066 0.552081 0.378105 0.706783
-13.0934 1.36759 -1.25187 -0.232516 0.552148 0.378218 0.706062
-12.9614 1.38882 -1.33233 -0.22966 0.551746 0.37631 0.708325
-12.8135 1.38728 -1.41224 -0.229947 0.549183 0.37531 0.710749
-12.6511 1.37818 -1.49775 -0.231307 0.545876 0.376296 0.712332
-12.4969 1.35776 -1.57875 -0.234089 0.542522 0.378726 0.712697
-12.3506 1.3364 -1.65735 -0.234081 0.540438 0.379194 0.714032
-12.5586 1.63313 -1.50772 -0.281975 0.531386 0.301018 0.74026
-12.4429 1.57451 -1.56955 -0.272852 0.530657 0.304786 0.742655
-12.3657 1.48682 -1.6782 -0.223647 0.539078 0.323516 0.745108
-12.2296 1.45536 -1.75473 -0.223356 0.537307 0.323933 0.746292
-12.0677 1.42119 -1.82752 -0.225447 0.535087 0.324759 0.7469
-11.9711 1.4078 -1.96374 -0.216892 0.530659 0.325296 0.752335
-11.8223 1.39434 -2.04846 -0.214635 0.52812 0.3265 0.754245
-11.6717 1.3901 -2.11457 -0.212416 0.526921 0.326236 0.755824
-11.5173 1.38201 -2.18404 -0.209011 0.524984 0.327034 0.757772
-11.3635 1.37931 -2.2454 -0.204944 0.523763 0.328114 0.75926
-11.2037 1.37514 -2.29908 -0.200921 0.521693 0.32985 0.761005
-11.0452 1.37212 -2.35383 -0.195227 0.519197 0.332453 0.763057
-10.8879 1.36579 -2.38848 -0.190257 0.518351 0.335825 0.763411
-10.7318 1.35527 -2.41073 -0.187694 0.516297 0.336457 0.765156
-10.5728 1.34349 -2.42456 -0.185546 0.514628 0.337425 0.766377
-10.4228 1.33967 -2.42892 -0.183282 0.513635 0.337287 0.767647
-10.2625 1.3197 -2.41707 -0.183129 0.512614 0.338072 0.76802
-10.1099 1.30938 -2.40304 -0.182399 0.511761 0.338304 0.768659
-9.95665 1.28626 -2.38403 -0.181645 0.510851 0.338675 0.76928
-9.80858 1.26929 -2.35279 -0.181234 0.511122 0.338953 0.769074
-9.65575 1.24447 -2.322 -0.181786 0.51097 0.339725 0.768704
-9.51408 1.21321 -2.29414 -0.181188 0.510778 0.341636 0.768126
-9.38176 1.19367 -2.25568 -0.180835 0.511664 0.341209 0.76781
-9.23995 1.17391 -2.22496 -0.180148 0.511568 0.341722 0.767808
-9.11534 1.14832 -2.1842 -0.178553 0.513458 0.342447 0.766595
-8.98077 1.11943 -2.14393 -0.178601 0.51464 0.343882 0.765148
-8.84982 1.0835 -2.11638 -0.179325 0.514838 0.346093 0.763848
-8.71275 1.05472 -2.06533 -0.180159 0.516407 0.346956 0.762201
-8.6004 1.02999 -2.03601 -0.178668 0.517423 0.347516 0.761608
-8.47217 1.00092 -1.99696 -0.178328 0.518727 0.348854 0.760189
-8.33755 0.970153 -1.96084 -0.17895 0.519977 0.35097 0.758213
-8.21212 0.945429 -1.91125 -0.179108 0.522275 0.353121 0.755595
-8.07762 0.904941 -1.86403 -0.180027 0.524364 0.35491 0.753088
-7.95068 0.87408 -1.81858 -0.185395 0.524208 0.346008 0.75603
-7.83018 0.846908 -1.77849 -0.190903 0.523805 0.335984 0.759451
-7.7159 0.822774 -1.75178 -0.196864 0.523484 0.325432 0.762737
-7.6029 0.798576 -1.72153 -0.203001 0.522847 0.313078 0.766724
-7.55159 0.818827 -1.73401 -0.193383 0.524181 0.297594 0.774424
-7.41543 0.768878 -1.70482 -0.20257 0.523506 0.28532 0.777145
-7.28712 0.720343 -1.69301 -0.210681 0.522591 0.273275 0.779928
-7.15949 0.68497 -1.65813 -0.220173 0.522397 0.25956 0.782118
-7.04659 0.662654 -1.61167 -0.229648 0.522976 0.2454 0.783575
-6.92779 0.6221 -1.58018 -0.239098 0.522958 0.232125 0.784805
-6.78427 0.568477 -1.55624 -0.249413 0.522131 0.220044 0.785624
-6.64998 0.523236 -1.53126 -0.2589 0.521898 0.208563 0.785842
-6.57376 0.511064 -1.49456 -0.267321 0.524052 0.195668 0.784905
-6.44357 0.465419 -1.44624 -0.276478 0.525433 0.186379 0.78307
-6.34071 0.439946 -1.42311 -0.2845 0.527292 0.177772 0.780946
-6.28631 0.434247 -1.40621 -0.289844 0.530936 0.168791 0.778503
-6.2496 0.41741 -1.37116 -0.293817 0.536263 0.159957 0.775222
-6.16759 0.397931 -1.33286 -0.298102 0.542014 0.154141 0.770754
-6.09013 0.368282 -1.29968 -0.300953 0.548989 0.151374 0.765241
-6.02526 0.333871 -1.29404 -0.301876 0.556375 0.151498 0.759499
-6.02206 0.376006 -1.28451 -0.2971 0.568669 0.152796 0.751985
-5.9941 0.375764 -1.27356 -0.293287 0.580071 0.156941 0.743879
-5.93063 0.330693 -1.26203 -0.290848 0.590529 0.164634 0.734897
-5.91474 0.320107 -1.25238 -0.287264 0.60238 0.170291 0.725343
-5.9611 0.35901 -1.25897 -0.282231 0.615029 0.172756 0.716067
-5.94235 0.348236 -1.22859 -0.277897 0.627931 0.180341 0.704611
-5.87641 0.301597 -1.24792 -0.2711 0.639934 0.195263 0.692385
-5.85887 0.310861 -1.25233 -0.261313 0.653564 0.206865 0.679945
-5.83675 0.325385 -1.23837 -0.25271 0.666678 0.218063 0.666849
-5.78868 0.311208 -1.20622 -0.243479 0.679888 0.231227 0.652367
-5.7035 0.262795 -1.19689 -0.234132 0.691394 0.247699 0.637493
-5.6353 0.234281 -1.17439 -0.22389 0.703059 0.262772 0.622212
-5.56922 0.198823 -1.15671 -0.213312 0.713924 0.278179 0.606683
-5.52842 0.192897 -1.1232 -0.203869 0.723644 0.290406 0.592537
-5.37091 0.11059 -1.12732 -0.19333 0.731493 0.310473 0.576051
-5.28478 0.103354 -1.10575 -0.182659 0.739738 0.324252 0.561244
-5.21614 0.125 -1.07527 -0.172502 0.747291 0.335122 0.547933
-5.12528 0.0855981 -1.01561 -0.164267 0.753201 0.347172 0.534733
-4.95845 0.0306093 -0.987432 -0.156293 0.757721 0.361781 0.520902
-4.79504 -0.0232609 -0.965636 -0.148656 0.760986 0.375627 0.508454
-4.69641 -0.0212959 -0.925572 -0.139142 0.766247 0.379665 0.499822
-4.56053 -0.0422452 -0.900826 -0.130463 0.770504 0.384651 0.491738
-4.40021 -0.0814365 -0.875507 -0.12298 0.773771 0.389417 0.484734
-4.22023 -0.144575 -0.856112 -0.117135 0.77607 0.394122 0.478664
-4.07867 -0.167821 -0.867843 -0.11086 0.777741 0.396718 0.47529
-3.92373 -0.223223 -0.860831 -0.106825 0.779025 0.398487 0.472622
-3.70997 -0.288882 -0.857711 -0.102949 0.780691 0.40083 0.468734
-3.48407 -0.355537 -0.891472 -0.0998578 0.780806 0.403552 0.466873
-3.2938 -0.458021 -0.926754 -0.0970797 0.780232 0.405498 0.466733
-3.17585 -0.511818 -0.924843 -0.0956958 0.780773 0.401496 0.469565
-2.9659 -0.623224 -0.958326 -0.0952938 0.780312 0.40211 0.469887
-2.69293 -0.796429 -0.995525 -0.0957755 0.779621 0.405774 0.467784
-2.48381 -0.932589 -1.02234 -0.0966827 0.779367 0.405063 0.468636
-2.30313 -1.02414 -1.0795 -0.0976203 0.778783 0.402259 0.471819
-2.09777 -1.1505 -1.08172 -0.100828 0.779265 0.398592 0.473459
-1.8443 -1.29177 -1.11664 -0.104249 0.779018 0.396714 0.474703
-1.60573 -1.44128 -1.17569 -0.108046 0.778278 0.395024 0.476472
-1.40549 -1.56061 -1.20859 -0.111882 0.778528 0.390347 0.479026
-1.20459 -1.68753 -1.21975 -0.117018 0.779006 0.38504 0.481312
-0.948297 -1.8505 -1.26234 -0.122466 0.778828 0.382927 0.48193
-0.700899 -2.01205 -1.30441 -0.122413 0.783962 0.369514 0.484085
-0.646591 -2.05025 -1.31712 -0.121495 0.789527 0.354974 0.486143
