1.0 0.0 0.0 0.0 0.0 1.0 0.0 0.0 0.0 0.0 1.0 0.0
0.9996800086062062 0.018758223552874674 -0.016970840940731962 0.00415039 -0.018706248881314065 0.9998198500044077 0.003216176293976238 0.0305417 0.017028113397719157 -0.002897686370878716 0.9998508122554136 -0.144525
0.9987133866747684 0.040002592869835894 -0.031166710450486117 -0.0303712 -0.039780349639511624 0.9991786349262628 0.007718762170708049 0.061107 0.031449881703632734 -0.006469008469611164 0.9994843955111292 -0.288468
0.9968596951970758 0.061098830320753306 -0.05037540099124525 -0.00422058 -0.06027415374339931 0.9980243533948153 0.017731791262522476 0.0416919 0.05135926870692396 -0.014639773369024622 0.9985729330167092 -0.441729
0.9944479282870057 0.08331735825439902 -0.06427702341576551 -0.0571173 -0.0819134706266575 0.996346071225443 0.02418035739025733 0.0661126 0.06605680324976722 -0.018780952242444502 0.9976391003651014 -0.615193
0.9908956880155002 0.10600313577715194 -0.0830004257681825 -0.0467031 -0.1035733401989692 0.994072075529433 0.03306466168939467 0.0803202 0.08601336333569029 -0.02416699935896522 0.9960008320627382 -0.798325
0.9867095157610334 0.12996946031497159 -0.09753087148212444 -0.0888459 -0.12656250130154512 0.9911369105309034 0.04036778229669207 0.12438 0.1019130255213927 -0.027487523873418636 0.9944134810331088 -0.958744
0.9816331149791161 0.15319644040277092 -0.11369818918662601 -0.107819 -0.1484273666735832 0.9876917902685163 0.04933806095215977 0.154435 0.11985718334227292 -0.03155595164297233 0.9922895129533332 -1.11512
0.9754444124045543 0.17423981172462888 -0.13471706023700017 -0.0490072 -0.1680526546622199 0.9841805123497578 0.05609834553664317 0.208449 0.14236047053067188 -0.03208125809774047 0.9892948444771921 -1.29085
0.9683268477764541 0.1961517033295551 -0.15449150512642995 -0.00529 -0.18858876031771124 0.9800766823402968 0.06232155497631184 0.275079 0.16363800095682052 -0.031212273447328284 0.9860265709549132 -1.45366
0.9611013496423547 0.2190609211938589 -0.1682156607493551 -0.0418845 -0.20950532013982898 0.9750924751448111 0.07281610913165823 0.284818 0.17997698894234213 -0.03474158490431521 0.9830571223126274 -1.58304
0.9531103027769946 0.24029528746115575 -0.18395359622553062 -0.0411224 -0.22858083122752537 0.9700008674319445 0.08275941503302245 0.29527 0.19832184533146766 -0.036830585187246634 0.9794447169999365 -1.71388
0.9448433311287897 0.2606714851817038 -0.198296385329175 -0.05706 -0.24626889884944847 0.964577009269419 0.09456649855177511 0.268853 0.2159229239356766 -0.04051629304400321 0.9755694341855121 -1.83616
0.9365569354988261 0.27940500673440943 -0.21164580974068958 -0.0748552 -0.26262320391824695 0.9592530713859039 0.10422378711419346 0.264102 0.23214254098024 -0.04202841001577946 0.9717733549644089 -1.94973
0.9272284859465407 0.29682720190753253 -0.2283439227503788 -0.030451 -0.2779358271833752 0.9540913055610332 0.11163089456210845 0.280379 0.25099603745314203 -0.04004238829775849 0.9671595506028118 -2.05673
0.9194683112032173 0.31271121317473605 -0.2383059416965687 -0.0726413 -0.2918148571564877 0.9489964010483516 0.1193730285282858 0.275944 0.26348076558990463 -0.04021850260838993 0.9638258962136764 -2.16616
0.9118694873163539 0.32673907924511086 -0.2484665212769456 -0.0885543 -0.3040246821399523 0.9442947625528234 0.12600156374032664 0.264981 0.2757952696314979 -0.03935702617530747 0.9604103257147568 -2.27298
0.9032213557724602 0.33721593754101103 -0.2654742811364144 -0.00117184 -0.31424598294460665 0.9409353187203695 0.1260562897588808 0.309874 0.29230231726713535 -0.030432506517437036 0.9558416280259661 -2.35934
0.8960537757539162 0.3483631116198184 -0.2751922481097693 -0.00579873 -0.3240474890453276 0.9369370892870024 0.13092790215159822 0.299852 0.30344827532969965 -0.0281430840697693 0.9524322080959217 -2.42629
0.8900147814138503 0.35737424904374493 -0.28312070744697515 -0.0262679 -0.3331983721558831 0.9336932111395315 0.13113288018121066 0.322266 0.3112113970559657 -0.022374842845694687 0.9500772772517531 -2.47569
0.8845612566306769 0.3654128459214842 -0.2898703767264245 -0.0497416 -0.3417180091297392 0.9307018439538153 0.13047175900314706 0.325056 0.31745895089659243 -0.0163563350579973 0.9481309428549968 -2.51913
0.882344713086766 0.3651983084568805 -0.2968130771850625 -0.0489966 -0.342377682454462 0.9308657939715989 0.12753978269832766 0.321954 0.322870453657414 -0.01091187948330534 0.9463802623899115 -2.56212
0.8804309932741827 0.36696529723032656 -0.30029608174415845 -0.0749168 -0.34527761002505253 0.9302161683637862 0.12442367994069302 0.310333 0.32499944322663676 -0.005860950712502519 0.9456960458620528 -2.59896
0.8790554178723179 0.365333864275497 -0.3062560038968334 -0.0720357 -0.3462785226588136 0.9308694568744442 0.11650424457291936 0.315113 0.3276473058863052 0.003636189187840963 0.9447931101958968 -2.60228
0.8783218444301928 0.363384291938043 -0.31064866645365136 -0.0759664 -0.34720229618231113 0.9315488340953956 0.10801543973543996 0.285684 0.32863551713482747 0.01298561004331067 0.944367550696935 -2.61369
0.878242552844259 0.3597619063290353 -0.3150577552260815 -0.0616464 -0.3468284796525057 0.9327622818790264 0.09830834758942547 0.256591 0.32924158922519264 0.022932428094955347 0.943967202643259 -2.62624
0.8780798785108284 0.3556527048479832 -0.3201357219816653 -0.0328533 -0.34662876254871294 0.9339734030054365 0.08684574515998147 0.246278 0.32988517385350435 0.03471074779888456 0.9433827092219177 -2.61886
0.8785840576674149 0.35121438080946604 -0.3236332991601516 -0.0147515 -0.3464267046270207 0.9351254058331238 0.07435733781341804 0.23112 0.3287530865770294 0.04678604576216253 0.9432563140461967 -2.61408
0.8791256836592681 0.3474039391181086 -0.32626451755568814 0.00889679 -0.34755697966856697 0.9357451863459196 0.059875638736496734 0.244804 0.3261014845324807 0.060757298455919054 0.9433802904820784 -2.61425
0.8822691418983004 0.3401722605362769 -0.3253982089927289 -0.00277566 -0.3446594311642478 0.9376150966729553 0.045692526746740666 0.232469 0.3206416032949771 0.07183845524928695 0.9444724445868299 -2.62454
0.8859577104870481 0.3327369454702601 -0.32305581614895745 -0.0295128 -0.3417335166689337 0.939309036790472 0.030277664851165394 0.236531 0.313523745214986 0.08357426950250307 0.9458954501759121 -2.62834
0.8897219580635161 0.32390102490299233 -0.3216876799108329 -0.0327227 -0.3369451677899967 0.9413892390982426 0.015945357098645342 0.23254 0.3079980377252334 0.09420417494370162 0.9467115622937023 -2.62519
0.8936838916522563 0.3134596638653441 -0.3210485024582806 -0.0130695 -0.33082609349698877 0.9436916137452439 0.00048374416774103757 0.240034 0.30312241365956555 0.10577890752094044 0.947062629956898 -2.6302
0.8988299788012235 0.3040916144857546 -0.3156468900648948 -0.0443251 -0.32476701998904833 0.945694442393836 -0.013726046511831569 0.247082 0.29433153404897966 0.11484908195044077 0.9487774430494834 -2.65557
0.9031941744234966 0.29696250617459263 -0.30992507677495734 -0.065248 -0.3200318364314595 0.9470719330668845 -0.025186847108398462 0.23778 0.2860417923272152 0.12193450505685147 0.9504273089083535 -2.69002
0.9077800633681091 0.28776716140254055 -0.30516457423776444 -0.0656107 -0.3140804310658787 0.9485609921432565 -0.03981867659368748 0.266683 0.2780087037717771 0.13199282178408425 0.951466791656236 -2.71798
0.9116452546842273 0.280653855345378 -0.3002271524887547 -0.0611297 -0.30852583110580445 0.9499626071711922 -0.04881451133611565 0.241271 0.271504587718519 0.13712934936142138 0.952617866928555 -2.75098
0.9145313182273213 0.27784842435601 -0.29399442352582206 -0.0683344 -0.30767529985566167 0.9496217281913899 -0.05961948679355212 0.288473 0.2626183120807202 0.1449787102635433 0.9539459081783374 -2.78335
0.9176649080241159 0.2749092671839017 -0.2869076705100458 -0.0778101 -0.30620797497101476 0.9494103275950101 -0.06969007045545249 0.331517 0.25323465924956085 0.15180554888522924 0.955419950954769 -2.82472
0.9202821854970086 0.2713916863744039 -0.2818284081204504 -0.0550724 -0.30450025432528993 0.9491176231293161 -0.08034508436234053 0.39692 0.24568332090861134 0.15975697177968498 0.9560948780299483 -2.85662
0.9222846950956324 0.27001969217914956 -0.276550731381845 -0.0234047 -0.30348569975330053 0.948989137341273 -0.08553389534866027 0.427861 0.2393478039122264 0.16281579482268715 0.9571852724100234 -2.9149
0.9246610545902901 0.27031803578761965 -0.26819786287719694 -0.0419424 -0.3030876934441757 0.9488335422902687 -0.08861579491033289 0.445983 0.2305206806485308 0.1632270460212522 0.9592794938079903 -2.97405
0.9262910502213473 0.27192605885299626 -0.26084690681798445 -0.0492592 -0.30412075195380106 0.9482337091935127 -0.09145163191637082 0.475638 0.2224757481409784 0.1640397856185797 0.9610387558383492 -3.02816
0.9270093297955643 0.2748942198771391 -0.2551212855684877 -0.0271153 -0.30603896575096495 0.9476687536191464 -0.09090701213885069 0.477555 0.2167806585331321 0.16234870277298977 0.9626261189028007 -3.08903
0.9272513167882338 0.2802154293329425 -0.24836325951767002 -0.0205267 -0.31002570949470565 0.9464985928054075 -0.08957942436568886 0.470636 0.20997393878000953 0.16006163494460032 0.9645160538073333 -3.14951
0.927699331865212 0.2849202401431825 -0.2412351682769137 -0.00437026 -0.3131413105107961 0.9456872234102409 -0.08728227271451314 0.481185 0.20326453037463485 0.1565124028164562 0.9665337027006347 -3.2254
0.927950810933764 0.2901122442719675 -0.23397046439850433 0.0140107 -0.3166386704302691 0.9447904827355837 -0.08432612952349788 0.493532 0.19658902531810107 0.15233459704133054 0.9685798499188046 -3.30194
0.9282711000845151 0.296453859379573 -0.22456151497271462 0.00819449 -0.32025663236887536 0.944162398587034 -0.07741482104949901 0.460329 0.1890726161336734 0.14377925564327868 0.9713799830524785 -3.38723
0.9288437417519703 0.301017425428614 -0.21595789635141363 0.0075789 -0.32318994945817714 0.9433453797015928 -0.07515152137434403 0.483595 0.18110096625203306 0.1395994419186065 0.973506258756765 -3.46547
0.9292215678178238 0.3064065464988727 -0.20654855643363734 0.0288569 -0.32662959091671434 0.9424556634003344 -0.07134726947974612 0.495377 0.17280158633463166 0.13376229209784732 0.9758315740807759 -3.57123
0.9289266254700925 0.31275599029054385 -0.1981893413635759 0.0648888 -0.3310465980284451 0.9412878017909578 -0.06622253493592577 0.486269 0.1658417149770825 0.1271257831320148 0.9779241079125376 -3.66992
0.929990158507948 0.3170222300087017 -0.1860516346573492 0.0452742 -0.33356785375533277 0.9404962093367043 -0.06480252436711868 0.512042 0.15443701635107715 0.12232655436821512 0.9804006436538979 -3.75042
0.9311069316323636 0.3200713072348852 -0.1749120926383223 0.050882 -0.3349640496720506 0.9401390695167128 -0.062750421477069 0.511921 0.14435708258850788 0.11701661528689658 0.9825823855806359 -3.82111
0.9329654944382088 0.32121107223198725 -0.16247717766888184 0.0569875 -0.3344225844103867 0.9404416528303011 -0.06108217954599208 0.501471 0.13318003312789087 0.111323603505223 0.9848198485401609 -3.91518
0.9345389076478866 0.32217730777683556 -0.15112515490799394 0.0877513 -0.3341924455520347 0.9404886286874556 -0.061616139489094224 0.50104 0.12228016776340017 0.10808756479475051 0.9865924380961448 -3.99614
0.9382124249627471 0.3200903306921283 -0.1315280420401904 -0.0034043 -0.33022622443573696 0.9417505804295798 -0.06369054054934849 0.506896 0.10347988374771411 0.10318926522634934 0.9892643171577585 -4.06897
0.9408640701068561 0.3180827387106897 -0.11661120407691641 -0.00906087 -0.32686822741212573 0.9427878458453874 -0.06563718180017299 0.481549 0.08906157134486242 0.09987216359186972 0.9910063508621239 -4.12457
0.9441124909844416 0.31383161919704555 -0.10080336878950405 -0.011234 -0.32142729373794016 0.9443026193723203 -0.07054826636337866 0.477907 0.0730486085251191 0.09900645352064116 0.9924019462666367 -4.17745
0.9477622935421313 0.30790188754004805 -0.08332504178837838 -0.0354372 -0.3143136449032518 0.945984700941781 -0.07949766167455528 0.501376 0.0543467346525248 0.10153508375613386 0.993346394365653 -4.21479
0.9515800221587369 0.30035240392486545 -0.06545146969268663 -0.043447 -0.3053760272725406 0.948034776513784 -0.08930590399128592 0.504714 0.0352270264941389 0.10496902389283559 0.9938513775345723 -4.2579
0.9565264175330902 0.28788021898296395 -0.0467139388152392 -0.0430077 -0.29136680224056527 0.9502768421216131 -0.10990591376028364 0.625655 0.012751435739574546 0.11873880092748249 0.992843642292624 -4.27709
0.9614734096748504 0.27355374488109013 -0.027152000842443985 -0.0534157 -0.2748178862559552 0.9541096543776973 -0.11895333882274674 0.531088 -0.0066341451616243625 0.12183232774925447 0.9925285245438401 -4.27659
0.9668591271050748 0.25509931917773276 -0.010381025415141775 0.0162691 -0.2539786350830593 0.9568724295902258 -0.14103193401298986 0.583804 -0.026043833338408047 0.13899457127944015 0.9899506189198962 -4.28946
0.9717191425327364 0.2358097074552634 0.012477576099029913 -0.00139925 -0.23081644573873453 0.9596435536242353 -0.16064874217991165 0.569488 -0.04985655836479088 0.15322542823341367 0.9869327696103244 -4.27494
0.9761814696018607 0.21400330522790736 0.03566964756599528 -0.00269901 -0.20418916989356253 0.9618031727769233 -0.18232235116524034 0.571224 -0.07332476596709356 0.17069634497485434 0.9825915919180747 -4.26967
0.9795673635951013 0.19123125037821345 0.06227671361052177 -0.041085 -0.17516926390561224 0.9633898191518627 -0.20296744895994184 0.544364 -0.09881047091329885 0.18791132279169787 0.9772030626254534 -4.29282
0.9817938688092863 0.1674087294836725 0.08975030061875196 -0.0771186 -0.14372407206844032 0.9636448474369476 -0.22523765030804183 0.53086 -0.12419416361713441 0.20823766542315186 0.9701612672244526 -4.31424
0.983172855361175 0.14293218849373332 0.1137608279389098 -0.0543463 -0.1109883842164474 0.9620007546523359 -0.24947169502241917 0.53826 -0.14509553766390132 0.23264766824691918 0.9616768414645823 -4.33343
0.9828774710425868 0.11840952215090897 0.14117741314006968 -0.0824886 -0.07652028848856474 0.9592921961475371 -0.27185129733010566 0.521489 -0.16762017291052814 0.2563935792379132 0.9519274185351613 -4.35473
0.9810321203475258 0.09395744984234997 0.16955228239560843 -0.109376 -0.041058746915252194 0.9555511328291431 -0.29195241367505603 0.492865 -0.18944697978111746 0.2794530911764335 0.9412841290937339 -4.40887
0.9780571271196374 0.06944392797389592 0.19642249605897397 -0.113993 -0.00453192157660625 0.9496805064196474 -0.31318747965610866 0.491407 -0.20828758430906238 0.30542507525427304 0.929156502225872 -4.45579
0.9739483152338302 0.045841879993281265 0.22208827364781322 -0.104155 0.03177187164664193 0.9421096512890086 -0.3337962748746196 0.483285 -0.2245333548167258 0.3321564796700267 0.9161096253112735 -4.47015
0.9687149262608408 0.022628555960323867 0.24714234783744346 -0.10015 0.06825777975488499 0.9331353729294536 -0.35298619135986425 0.482299 -0.2386048347003619 0.3588123802810594 0.9023975889898271 -4.50483
0.9623360374104191 0.001540171408826535 0.27185838036235677 -0.0976606 0.10362667323941568 0.9224108823508352 -0.3720479494824354 0.495381 -0.25133814611901584 0.3862069289808054 0.887509630546436 -4.55873
0.9565116529346108 -0.01993300969071854 0.291012255626749 -0.0128982 0.13813212248650675 0.9096603599895742 -0.39171104937314577 0.567307 -0.25691433307169004 0.41487432384796735 0.8728541234788438 -4.60649
0.9489784800186498 -0.037585350991137786 0.3130929348490092 -0.0183523 0.16953188716447049 0.8979886487398754 -0.40604842810776387 0.549739 -0.2658924288052335 0.438410456222483 0.8585438184384347 -4.61616
0.9406996714745749 -0.0541492848899215 0.3348910017207636 -0.032329 0.2010640317665781 0.8840992963302685 -0.42183135179606096 0.588254 -0.27323503292476026 0.46415114906055527 0.8425593911460313 -4.63976
0.9356968488319722 -0.07176152925660234 0.34542971789449606 0.0948884 0.22638967955105338 0.8730626239692938 -0.4318673032548572 0.56261 -0.2705903177844483 0.4822985979106774 0.833168015693537 -4.69405
0.9280241484648358 -0.08448887761202646 0.3628123611813357 0.0658013 0.25103331520055233 0.8614256159957374 -0.4415067188229235 0.552418 -0.2752334545899828 0.5008068866002383 0.8206332967947618 -4.73786
0.9226170307867939 -0.09455937403987877 0.3739469738924847 0.0907699 0.27056081088067496 0.8496258528720827 -0.4526949941704435 0.600646 -0.274908461342593 0.5188395078563048 0.8094633425731369 -4.785
0.9168342800451128 -0.10736954015177864 0.3845603785906132 0.119944 0.2903428164046014 0.8404417812766503 -0.45755727646577277 0.571584 -0.27407289522388756 0.5311585395455177 0.801719810140344 -4.86063
0.9140785906776929 -0.0986056207422108 0.3933665741045191 0.111911 0.2896419802765003 0.8376574964761991 -0.463073905396033 0.577637 -0.2838447697707151 0.5372214163222367 0.7942451111077361 -4.89575
0.9112317857362668 -0.09542557870967999 0.4006876484143436 0.0962564 0.29241797777055134 0.834980466771651 -0.46615377976197586 0.576681 -0.2900833655011526 0.5419424130271758 0.7887648965451025 -4.97452
0.9112238999246848 -0.08796076808703238 0.4024101234854651 0.0825468 0.28894449826650537 0.8327536023419592 -0.47226318373128306 0.613481 -0.2935678475711627 0.546611691298338 0.7842407652044141 -5.02891
0.9123806072805418 -0.08101693764124113 0.40124541526804364 0.0631194 0.2839474542268169 0.8313084883646211 -0.47780753490400096 0.646862 -0.2948482163698795 0.549874943044474 0.7814742966440655 -5.08798
0.9125975723627191 -0.08359263875120018 0.4002223652724609 0.0636136 0.285062262219972 0.8318089396278484 -0.47627029574940594 0.60297 -0.2930958504921277 0.5487314085249778 0.782935925681336 -5.21786
0.9140161000849869 -0.08422170125156747 0.3968391031938798 0.0900658 0.28408306011622625 0.8312069441146923 -0.4779035791982681 0.620012 -0.2896055657967086 0.5495468324845539 0.7836624880430106 -5.19438
0.9163869769968387 -0.08756033977184019 0.39059966114890066 0.118685 0.28358628625842836 0.8306822669814475 -0.47910937119692887 0.629008 -0.2825132326754781 0.549818295641027 0.7860573230634316 -5.29115
0.9182318529687963 -0.09113001380636672 0.38541611898977773 0.110665 0.28384473330754206 0.8300963483445186 -0.47997106145961155 0.640841 -0.27619274350906003 0.5501230526425405 0.7880876825481994 -5.33724
0.920207575844617 -0.09606512202860219 0.37945949676849966 0.113257 0.2845749507459486 0.8298120759895253 -0.48003022399625506 0.632939 -0.2687659107217919 0.5497121163587206 0.7909370862226033 -5.36057
0.9225903133123061 -0.10160390162094328 0.37216093421758073 0.107012 0.2848211127971877 0.8300575051725839 -0.47945956222776215 0.626552 -0.2602000143875331 0.5483440391597846 0.7947419500886184 -5.46737
0.9244404926555743 -0.10551185542090975 0.3664382948114946 0.0694051 0.285124846511351 0.8293494761638018 -0.4805031407688256 0.648126 -0.2532066299301765 0.5486772227388925 0.7967682899105222 -5.54305
0.9262585593810868 -0.11141095897046044 0.3600453851871398 0.0374201 0.28594816127379574 0.8300595921655096 -0.4787846306202435 0.643131 -0.24551727075179208 0.5464326780814908 0.8007075609030309 -5.58141
0.9300826480466868 -0.11032039225382986 0.35039360561434835 0.0554966 0.27849916270016917 0.8337613380830062 -0.4767391818314697 0.642365 -0.23955058793033066 0.5409911664445137 0.8061910900346374 -5.73022
0.9340224419398642 -0.10375791847335886 0.34181335887698827 0.0625351 0.2667496198178197 0.8390230747009457 -0.47422032901007066 0.63605 -0.2375851811029922 0.5341110132486007 0.8113437663819273 -5.88228
0.9363547198607245 -0.09515928141027866 0.3379120444080438 -0.00991074 0.25571855580026304 0.8443571752543919 -0.47081735398756486 0.590159 -0.240515818219867 0.5272624315821332 0.814951820310946 -5.9689
0.9385969441489425 -0.08947852868601769 0.3332106981152506 -0.00751311 0.24739582888803657 0.8477130352245921 -0.46923119435850713 0.59881 -0.24048093538380233 0.522853901978837 0.8177974791489862 -6.14697
0.9409219747439816 -0.08169540659960374 0.3286209031458765 -0.0191359 0.23689500062021746 0.8522531711199778 -0.4664175071725859 0.546006 -0.24196403890874632 0.5167111309585536 0.8212569701491119 -6.28156
0.942424550128987 -0.07460645668473563 0.325990558045973 -0.018691 0.2286459458090116 0.8551098525072958 -0.4653043859776663 0.558011 -0.24404302649180276 0.5130506960972758 0.8229349819121932 -6.41694
0.944001893735067 -0.06162931032101365 0.32413307874076 -0.0396568 0.21619193023044314 0.8576593922866028 -0.4665634106161892 0.492204 -0.24924179811549005 0.5105116991136753 0.8229558500552906 -6.52633
0.94427128435226 -0.05644446032017965 0.32429271414402283 0.0024888 0.21127540856688654 0.8594029142433205 -0.4656064139646092 0.517439 -0.25241720084540276 0.5081738421930546 0.8234348200240988 -6.70275
0.9437574264296805 -0.050279249372652934 0.32679338601224567 0.0399563 0.2073207274008435 0.8599226480426928 -0.4664237937468757 0.565545 -0.2575655956233502 0.507941961709963 0.8219823157984746 -6.88579
0.9414601744414948 -0.04742097310137036 0.33377236442028824 0.0672979 0.20794037651393302 0.860971948155016 -0.46420696279289114 0.576785 -0.26535549693917093 0.5064371192954521 0.8204315355006109 -7.09198
0.9388909975245785 -0.03982193234878274 0.3419033613044936 0.0699173 0.20594357455597118 0.8608791568870168 -0.4652680102227194 0.61017 -0.27580960618950756 0.5072487466140339 0.8164727614514036 -7.28014
0.9370860313458026 -0.02587610083245588 0.34813818702101856 0.0901895 0.19926870835490507 0.8584719248176592 -0.47256527186244957 0.629673 -0.2866387128898344 0.51220736201813 0.8096183462393174 -7.40161
0.9324058043625935 -0.02196438932520249 0.3607450368231227 0.0933286 0.20259653215487577 0.8583428072258481 -0.47138335825787187 0.602315 -0.29928925999735373 0.5126062727720192 0.804773724698449 -7.63292
0.9285693437193738 -0.014219507246819668 0.3708864779393133 0.129826 0.20302432110268784 0.8559766762770111 -0.47548402150919145 0.646166 -0.31070902617298357 0.5168188611916347 0.7977206063348357 -7.83084
0.922328760455023 -0.008728864062965191 0.3863074741312561 0.0935398 0.20541300082903988 0.8578561762053694 -0.4710501884478035 0.530946 -0.327284519535999 0.5138157139271556 0.7930184458091866 -8.04044
0.9172648287227585 -0.0021080573006703185 0.3982722562301138 0.136647 0.20831643381489784 0.8548337400456368 -0.4752510287019184 0.558091 -0.3394547059488962 0.5188977095478505 0.7845480671285493 -8.21194
0.9112918336361611 0.005503531528694275 0.41172430713859437 0.179725 0.21217640990900466 0.8506629424842862 -0.4809924421049687 0.594703 -0.3528857676730091 0.5256826698919115 0.7740344731012582 -8.22718
0.907742449044225 0.02623033272033877 0.4187070764252413 0.143836 0.20400218024059924 0.8445030502774246 -0.4951744223293521 0.624288 -0.3665879930661595 0.5349079993022219 0.7612402220207622 -8.49483
0.9015559780682715 0.03481593546833521 0.4312593987924526 0.160393 0.20717475063880875 0.8403185983318394 -0.500942387900406 0.667605 -0.37983607136119973 0.5409736628848747 0.7503812730591111 -8.70228
0.8946300657751529 0.04404989253534561 0.4446309170298107 0.14818 0.21100772188682196 0.8355141495441419 -0.5073380009576094 0.713008 -0.39384360692447395 0.5477003860498495 0.738181211089504 -8.83473
0.8882743260563557 0.05893470330861118 0.4555166543772611 0.129481 0.2088218005433174 0.8314960152105859 -0.5147891144019697 0.727028 -0.409099226700533 0.5523957616010854 0.7262897116703381 -8.8357
0.8775388661279645 0.05708168551848006 0.47609580927919987 0.142547 0.2260992615447516 0.8263236701812596 -0.5158181036248064 0.740233 -0.42285300325735525 0.5602953446857672 0.7122250096421024 -8.84355
0.8689065384118403 0.061612821540191695 0.4911265496050994 0.116063 0.23262761551564365 0.8249815365508074 -0.5150629639663243 0.694079 -0.4369048180149304 0.5617911752351809 0.7024990074179573 -9.01866
0.8580560507102486 0.06798691538637024 0.5090359448759766 -0.0237302 0.24191566709078938 0.8208280336482268 -0.5174148714457331 0.721122 -0.45300841477344556 0.5671147313493387 0.6878693608753175 -9.00927
0.8492998510654146 0.07573775096251152 0.5224495727430586 -0.138968 0.24752081628380534 0.8170005851922816 -0.5208104158920668 0.764692 -0.4662866162420519 0.5716413533629363 0.6751318053824211 -9.13352
0.8440006376679016 0.08279907225646382 0.5299124807453063 -0.147615 0.2486705050926144 0.8149912262512045 -0.5234045099447867 0.722204 -0.47521143032671237 0.5735273443934711 0.6672634275305468 -9.19361
0.839842395459313 0.0849911241204057 0.5361354862438339 -0.141908 0.2534893350768543 0.8119586612587628 -0.5258006175435433 0.758772 -0.48000823721208863 0.5774942780908111 0.6603729635447804 -9.32152
0.8334181884351328 0.0910856209791747 0.5450848858997465 -0.202471 0.2538115594259731 0.8130627031130712 -0.5239358101029378 0.782002 -0.4909112093721809 0.5750064786220274 0.6545026616106605 -9.35782
0.8318069159972277 0.08970463704405085 0.5477685027381332 -0.143635 0.25661707839383824 0.8129083249074882 -0.5228075462086526 0.821799 -0.49218383717447667 0.5754416854807243 0.653163024853146 -9.53971
0.8319781147822383 0.09026773654853817 0.5474158860151911 -0.106329 0.2565975045717679 0.8122015451134043 -0.5239144689383379 0.857351 -0.4919046016972545 0.5763509224888972 0.6525714343849744 -9.52193
0.8270641936802137 0.09434985880116376 0.5541325867301963 -0.110381 0.25701421902242194 0.8132547831496305 -0.5220731260125749 0.887603 -0.4999085023805782 0.5742079430210348 0.6483646562075692 -9.72384
0.8205822683062077 0.08909385027225784 0.5645414305302167 -0.133328 0.2668925196926979 0.8137222136286585 -0.5163569908303349 0.875471 -0.5053841349642089 0.5743852756564536 0.6439475376422663 -9.91782
0.8054752119715906 0.0794145985342498 0.5872844323145003 -0.211521 0.2942985701521114 0.806551059401172 -0.5127023894866003 0.828155 -0.5143909354817051 0.5858060345528124 0.6262852827392363 -10.0625
0.7971059815846642 0.08544458181412717 0.5977635632593863 -0.264447 0.3017813068057649 0.8010721193429857 -0.5169250453150265 0.850718 -0.5230201688124025 0.5924379149328192 0.6127538004496584 -10.2112
0.7988189264020529 0.07797312449888953 0.5964968689588843 -0.302273 0.3048078847643846 0.8023959866025528 -0.5130817031132349 0.847538 -0.5186332771885482 0.5916763241333869 0.6172022774201906 -10.4314
0.8014144843251098 0.08239546928789422 0.5924067951625351 -0.346832 0.299035371256462 0.8025890762500009 -0.516167241716946 0.890497 -0.5179890646060283 0.59081448977238 0.6185673509195049 -10.6306
0.7980479728064235 0.08283059219221851 0.5968739616507359 -0.395576 0.2992830015675817 0.8052257596183474 -0.5118995614568878 0.88058 -0.5230192329850372 0.5871546381015325 0.6178189968620272 -10.8066
0.7874055559990464 0.08546707506191828 0.6104816700460324 -0.45271 0.30476513278990147 0.8068653684945691 -0.5060498897931671 0.852396 -0.5358271215769 0.584520022073225 0.6092828896154318 -10.9419
0.7832716938234257 0.07837680300194282 0.6167191665630121 -0.51348 0.3093351799879076 0.8113614988244033 -0.4959881698662445 0.798249 -0.5392561544172032 0.579266428318276 0.6112717930238211 -11.1143
0.7787710027498866 0.07185245196986362 0.6231797095716884 -0.563917 0.3159248415813902 0.8133161045430944 -0.4885779452273906 0.753497 -0.5419476171621285 0.5773682873493868 0.6106870237818438 -11.28
0.7702870029504729 0.07071406021394605 0.6337645105034174 -0.612221 0.32105192669134697 0.8156892319706885 -0.4812242068047304 0.700633 -0.5509842043592103 0.574152069172555 0.6056119285578195 -11.4096
0.7625808573354073 0.09244792028062418 0.6402529328799533 -0.67713 0.31483961622736745 0.8115646958326935 -0.49217757012260427 0.748269 -0.5651074694953153 0.5769021810617242 0.5897774337890745 -11.5094
0.7496829382135071 0.08885108020142315 0.6558055944398484 -0.736273 0.32552240790746345 0.8132749326135459 -0.4823059671334775 0.688591 -0.5762036567930557 0.5750559707797775 0.5807753234847687 -11.6245
0.7352724182314474 0.0915612382191716 0.6715586427437673 -0.799049 0.3288363153880738 0.8182109007616266 -0.47159049985855533 0.662562 -0.5926560120930809 0.5675803568928535 0.5714992474179702 -11.7284
0.726133220460674 0.08567628929492618 0.6821950744442985 -0.833037 0.33693606803431686 0.8205584197715192 -0.46169033539770044 0.624969 -0.5993368270021325 0.565104816113541 0.5669672958860118 -11.8542
0.7175357327704717 0.08972133820047565 0.690718867317998 -0.872602 0.337363724776818 0.8228148283075912 -0.4573417491568647 0.630694 -0.6093670399703726 0.5611825369598247 0.5601303159168243 -11.9748
0.7010260921664784 0.10023415296788821 0.7060563240143137 -0.928921 0.33753320226520245 0.8255159449273126 -0.4523215250674718 0.638046 -0.6281988184248627 0.5554066431449803 0.5448758622659204 -12.0568
0.6819326424130302 0.09466414374500984 0.7252631047424142 -0.961471 0.34882803106290716 0.82945970219621 -0.436251770400247 0.600075 -0.6428739191757257 0.5504864233762704 0.5326141396189589 -12.1543
0.6531975488103814 0.11489576820279264 0.7484196180467204 -1.0147 0.34509603835116665 0.8346222373637067 -0.42931858242141113 0.604555 -0.6739745444320868 0.5387064909086301 0.505523125198512 -12.1932
0.6286708671087731 0.11657262706573411 0.7688847530467078 -1.04 0.3486682047804812 0.8415078162896299 -0.4126682421735588 0.573796 -0.6951283506114967 0.5275181681633836 0.4883862799400577 -12.2863
0.5990352366235204 0.12578620269784208 0.7907810167766174 -1.07774 0.3492320124233639 0.8476605536139232 -0.3993852618032683 0.571631 -0.720551029963965 0.5154118906833594 0.4638499716072802 -12.3526
0.5689972035100833 0.12363800750295031 0.8129918975601201 -1.09076 0.35499040697859985 0.8548420135859014 -0.3784533561240662 0.549409 -0.7417708496233001 0.5039432258787706 0.4425124085718111 -12.4283
0.5466541478009203 0.13455167539606117 0.8264775189563007 -1.10884 0.3618593487117627 0.852126915868588 -0.37807080157317996 0.614041 -0.7551337990329583 0.5057425885768381 0.41712993138547433 -12.5258
0.5141563598991679 0.14816388883221263 0.844802165966301 -1.12492 0.3527920952403054 0.8612523798374293 -0.3657623214060192 0.609124 -0.781780643858105 0.48609854995718776 0.39054733979164 -12.568
0.4685263878018108 0.14190636661138434 0.8719779854150811 -1.13718 0.36211914319256355 0.8694421652871676 -0.3360655402659514 0.57095 -0.8058242674844631 0.4732154946067569 0.3559695852136971 -12.5836
0.43110261558327856 0.1427016490622024 0.8909471219955675 -1.15635 0.371534321862513 0.8717484062238895 -0.31940094540290853 0.589393 -0.8222607752504184 0.46871201776894644 0.3227944576406855 -12.6276
0.41264171543139455 0.1396686908117989 0.9001219203489904 -1.11 0.3720112570413633 0.8761677939723438 -0.3064924492383808 0.631092 -0.831465236387151 0.4613270571000089 0.3095850562722698 -12.7219
0.38300526091454273 0.13968455104620392 0.9131238669045967 -1.10109 0.369758246952572 0.8826718289135376 -0.2901194258456189 0.631612 -0.8465139153743098 0.44875234666957586 0.2864184394137446 -12.7717
