3.2423245238246325
3.24797279007546
3.106793955718508
2.966003206240036
1.4430171267773164
3.175623791544446
3.311494824095722
1.2133129273184715
3.0983391516075542
2.5788795203736545
3.039615485118234
3.4363860466350915
2.1956146228443427
1.1213096396966586
0.656500761220663
3.3463919365066532
1.0855766056335066
2.5861162462943126
2.4954004147999225
2.3683944131132755
3.3573194455636166
3.193504865253952
1.7567053006791395
3.6071129850025714
2.277655007462607
1.6124850997742748
2.26298361432815
2.691296464655461
3.6905795297225343
2.626153449865185
2.3237818197586093
2.6175784791394183
1.176430342741165
3.0040815677349495
1.536647307483458
2.8301782108105087
2.8875083025749135
2.6770776015256996
1.7731510755537279
1.8891257438623272
