2.515275873317772
2.4950476668515806
3.1486013032808797
1.56723877130349
2.651471274204205
2.60689636196829
2.5171858425042273
3.0942819097769907
2.387278789651059
2.2337428581735335
2.0010121695246856
3.226171122461931
2.3951172818768547
2.00823124725331
2.0326329246004495
1.881881092356266
2.1588128655750176
2.273247293793414
3.0098731793205196
2.0622270305288257
2.3968774976098017
1.84891019394624
2.0169348306151043
2.6633212482649453
1.4632104254167972
2.7308302669718936
1.7323778897523685
2.6087158246248925
2.763109700782001
1.6600576030040524
2.7560863298597242
2.3461193472193607
2.2709422519851894
2.6824069523592358
1.5376483877149967
2.9177513195989393
1.5993243787599236
3.3987715218992527
1.3491714203562704
2.2638308312247255
