2.0927825386343777
2.1222642122698643
3.6931734009589885
3.298392794524041
2.1449639700638667
1.9107806188381211
1.0907307085166156
1.6806277080660823
0.7689965808356181
2.9946404653725236
3.033984895416598
3.0281853621461665
0.4798001288814858
0.5651064880264806
2.252593701873696
0.5659982208380334
1.3306638409143436
3.5599337359666836
2.2097465603913835
2.9991526654121348
1.5647252704426944
1.806042990133882
2.4058112069330106
1.342622021013291
0.6806355862171939
3.171661212065977
2.9686512038834665
1.078531653481616
1.3119239218284011
3.576360675431815
2.5008632098892125
2.3925496290732755
3.140732895026544
3.6308336740824347
0.8506352555684292
2.7724578584915536
2.382513625580332
1.1908415005681698
3.285163731784903
3.217181300554361
