1.2846705025139675
2.176853807212029
1.9338514744854522
1.731828029729716
2.1780117869972666
2.46778183480042
2.7276862498109886
2.9533624951124984
3.2651179394240657
2.345712039337986
3.3852871098796617
2.4095379551813236
2.123505793436735
1.8071848601121923
2.116433407914073
0.8210966833239307
1.9580255686322108
1.5292677982650675
2.454710912010731
2.1336517764722
2.9495826052082403
2.7526137681487763
2.540236845922995
1.7324880436632852
2.9336326000176487
0.7632947485267482
2.852292453361164
1.3911282151685813
2.6357745312635963
2.0053079193549452
2.066646155213756
2.329526526204076
2.9380378173539867
1.9598500994265258
1.4147564830534807
2.0500450882487984
1.74458007963092
2.7574890331973503
2.7344453453927673
2.25579244845181
