0 0 0 0 0 0 1
0.0806112 0.134645 -0.110544 0.00364487 0.00340402 0.00784561 0.999957
0.222183 0.245208 -0.292078 0.000840727 0.00469162 0.0223697 0.999738
0.374707 0.348727 -0.483061 -0.00439625 0.00331598 0.0366624 0.999313
0.525409 0.455065 -0.677833 -0.00861824 0.00106653 0.0535618 0.998527
0.684433 0.560744 -0.871045 -0.0122725 -0.00188649 0.0707572 0.997416
0.843491 0.675996 -1.05891 -0.0151935 -0.0056214 0.0885593 0.99594
1.0102 0.799787 -1.2448 -0.017416 -0.0100591 0.105427 0.994224
1.14827 0.913606 -1.38358 -0.0193767 -0.0125001 0.120194 0.992483
1.34739 1.04179 -1.55894 -0.0204372 -0.016602 0.137296 0.990181
1.55876 1.17192 -1.69165 -0.0211572 -0.0193183 0.154829 0.987526
1.82195 1.29064 -1.73384 -0.0224359 -0.0233688 0.172079 0.984551
2.09448 1.39047 -1.70041 -0.0248692 -0.026594 0.188504 0.981398
2.33405 1.51852 -1.67509 -0.0228196 -0.0268018 0.203836 0.978372
2.50157 1.65974 -1.70582 -0.0161988 -0.0186571 0.218112 0.975612
2.74371 1.78553 -1.69807 -0.0124254 -0.0189359 0.228908 0.973185
2.94809 1.90783 -1.71049 -0.00650799 -0.0270635 0.214925 0.976234
3.20652 2.00875 -1.70417 -0.0043654 -0.0253011 0.222628 0.974566
3.51995 2.18004 -1.64275 0.0174054 -0.047095 0.23315 0.971144
3.77711 2.26872 -1.63786 0.0196131 -0.0429199 0.233553 0.971199
4.02573 2.36175 -1.61152 0.0232357 -0.0383554 0.230384 0.972067
4.25867 2.45077 -1.60727 0.0251328 -0.0304485 0.225566 0.973429
4.52022 2.55763 -1.57164 0.0286938 -0.0237496 0.218632 0.975097
4.76471 2.64939 -1.54107 0.031146 -0.0156137 0.207191 0.977681
4.99173 2.72089 -1.52334 0.0311345 -0.00452464 0.195662 0.980168
5.24153 2.78176 -1.50305 0.0277953 0.000386916 0.177918 0.983654
5.48064 2.86807 -1.47238 0.0304583 0.0107272 0.16432 0.985879
5.68398 2.96428 -1.43587 0.0350881 0.0232145 0.147676 0.988142
5.93972 3.03356 -1.36155 0.0373447 0.0327328 0.13221 0.989978
6.1351 3.12654 -1.34098 0.0429038 0.0457933 0.115671 0.991304
6.34778 3.2226 -1.34233 0.0487012 0.0560031 0.0986207 0.992355
6.53277 3.30782 -1.33698 0.0539733 0.0685477 0.0840399 0.992637
6.76804 3.3558 -1.27525 0.0556893 0.0765965 0.0706809 0.992995
6.98887 3.40592 -1.22049 0.0589892 0.0844826 0.0566155 0.993066
7.16124 3.4799 -1.20589 0.0636196 0.0966435 0.045922 0.992223
7.35419 3.56433 -1.17707 0.0693499 0.104936 0.0358808 0.99141
7.52767 3.64397 -1.17361 0.076107 0.113641 0.0285857 0.990191
7.72648 3.72549 -1.1573 0.0834364 0.116552 0.0214522 0.989443
7.84481 3.79242 -1.16106 0.087461 0.125518 0.0219978 0.987985
8.04339 3.82162 -1.1056 0.0916562 0.123345 0.0180847 0.987958
8.19198 3.89271 -1.0949 0.0985626 0.122926 0.0216077 0.987275
8.33908 3.96045 -1.10167 0.105669 0.120691 0.028475 0.986641
8.49682 4.02357 -1.08434 0.112654 0.116073 0.0374048 0.986124
8.62829 4.06683 -1.04888 0.118662 0.110087 0.0473124 0.98568
8.74694 4.10305 -1.01277 0.124582 0.103511 0.0594923 0.985003
8.67916 4.07029 -0.952725 0.132207 0.0930231 0.073744 0.984091
8.55925 3.99762 -0.894871 0.137809 0.0853663 0.0917591 0.9825
8.45057 3.93628 -0.842922 0.144363 0.0755974 0.110118 0.980471
8.37805 3.87081 -0.785703 0.150602 0.0584678 0.128849 0.978419
8.28749 3.81433 -0.748988 0.156002 0.0467135 0.147187 0.975614
8.21626 3.75337 -0.71402 0.16036 0.0330024 0.163977 0.972786
8.13984 3.71024 -0.681245 0.166087 0.0201286 0.183794 0.968626
8.01599 3.64217 -0.679671 0.165263 0.0200201 0.207412 0.963988
7.93376 3.60972 -0.652265 0.171365 0.00876914 0.227509 0.958542
7.855 3.55392 -0.617096 0.174249 -0.00282448 0.246298 0.953401
7.79088 3.55563 -0.526183 0.188674 -0.0193387 0.259719 0.946879
7.70414 3.49139 -0.468646 0.189753 -0.0300503 0.277029 0.941463
7.66644 3.46039 -0.410644 0.190681 -0.0501825 0.287871 0.937155
7.56434 3.43366 -0.368563 0.195372 -0.059678 0.306251 0.929777
7.46792 3.34472 -0.337889 0.18904 -0.0704014 0.318979 0.926049
7.30439 3.28276 -0.312269 0.191178 -0.0654512 0.323665 0.924345
7.17747 3.24563 -0.298201 0.191808 -0.0640205 0.328516 0.922602
7.04192 3.19803 -0.247699 0.195711 -0.0601014 0.32799 0.922233
6.88164 3.16354 -0.227092 0.198059 -0.0565519 0.329212 0.921521
6.71844 3.07603 -0.152944 0.195944 -0.0540614 0.329631 0.921973
6.58593 3.01475 -0.0779308 0.19712 -0.0525843 0.327419 0.922596
6.41223 2.92127 0.00741134 0.191488 -0.0498534 0.330371 0.922881
6.27415 2.87304 0.122101 0.198955 -0.0684261 0.336218 0.917987
6.07607 2.78699 0.186533 0.200339 -0.0617352 0.33267 0.919451
5.88399 2.7013 0.300712 0.199773 -0.0598223 0.331367 0.920171
5.71433 2.62619 0.400112 0.199352 -0.0579241 0.330681 0.920631
5.59064 2.59532 0.356624 0.198467 -0.0531791 0.333482 0.920098
5.64137 2.48834 0.315897 0.140868 -0.0666547 0.378689 0.912314
5.49495 2.40645 0.135098 0.135527 -0.0555988 0.381499 0.912693
4.94311 2.3321 -0.171801 0.134911 -0.0165147 0.397624 0.90743
4.74165 2.28952 -0.0779431 0.138637 -0.0141666 0.399755 0.905971
4.54116 2.14161 0.145055 0.137831 -0.0130958 0.398912 0.906482
4.35914 2.03451 0.350767 0.138961 -0.0140122 0.398736 0.906374
4.19463 1.91778 0.524738 0.139772 -0.0161841 0.398734 0.906216
4.0012 1.83193 0.660087 0.1439 -0.0184593 0.398701 0.905541
3.81921 1.71913 0.839902 0.146867 -0.0219514 0.399117 0.904803
3.62267 1.5573 0.994769 0.149158 -0.024667 0.399901 0.904013
3.44842 1.425 1.16181 0.152758 -0.0303029 0.399603 0.903372
3.27537 1.32422 1.31088 0.157832 -0.0370513 0.401214 0.901532
3.10791 1.22802 1.43949 0.163326 -0.0438823 0.403052 0.899425
2.96223 1.14694 1.58142 0.170032 -0.052734 0.403979 0.897289
2.80908 1.0219 1.7523 0.174968 -0.0614287 0.40467 0.895474
2.65613 0.934592 1.89096 0.181422 -0.070575 0.405559 0.89311
2.49078 0.844687 2.0288 0.187462 -0.0791769 0.407554 0.890228
2.34564 0.768631 2.14592 0.192929 -0.087799 0.408876 0.887642
2.19919 0.690975 2.26467 0.197984 -0.0956619 0.410746 0.884849
2.06545 0.603609 2.38754 0.201697 -0.103517 0.411913 0.882582
1.93151 0.539567 2.4866 0.206014 -0.110712 0.413284 0.880067
1.78576 0.455654 2.59102 0.208404 -0.116299 0.415199 0.877879
1.69718 0.371039 2.709 0.207831 -0.124456 0.416085 0.876476
1.57954 0.310351 2.81063 0.208125 -0.129958 0.417178 0.875088
1.46269 0.261431 2.88916 0.208082 -0.134027 0.416713 0.874705
1.35146 0.217344 2.98588 0.205873 -0.137368 0.416114 0.874995
1.23819 0.166472 3.07855 0.200626 -0.138868 0.416344 0.875867
1.14086 0.144732 3.15301 0.19505 -0.139819 0.414875 0.87767
1.05158 0.143141 3.19626 0.189039 -0.137634 0.407634 0.88271
0.968816 0.0856925 3.27252 0.177582 -0.133332 0.399316 0.889525
0.855789 0.0639186 3.33939 0.167342 -0.126496 0.389594 0.89679
0.762602 0.049357 3.41136 0.154952 -0.119924 0.377867 0.904901
0.657282 0.0342916 3.47058 0.141888 -0.110606 0.365597 0.913232
0.618612 0.0263065 3.56027 0.126067 -0.103775 0.353352 0.921141
0.499293 0.0457835 3.58375 0.113145 -0.09153 0.33983 0.92917
0.376011 0.0305615 3.60868 0.0976707 -0.0778074 0.3252 0.937374
0.283123 0.00690599 3.66493 0.0801762 -0.0651202 0.30996 0.945132
0.167803 -0.00505146 3.70549 0.0636263 -0.0504682 0.294863 0.952092
0.112778 -0.00847933 3.73135 0.046863 -0.0388997 0.279674 0.958172
0.044772 -0.00212654 3.77481 0.0307657 -0.0267806 0.264973 0.963403
-0.0234792 -0.00735069 3.8124 0.0144501 -0.0146334 0.250204 0.967986
-0.0896785 -0.0215601 3.84774 -0.00159302 -0.00228532 0.23586 0.971794
-0.14902 -0.0485724 3.86636 -0.0177867 0.00930334 0.221984 0.974855
-0.212439 -0.0829184 3.88629 -0.033346 0.020306 0.208879 0.977173
-0.246401 -0.0984511 3.89934 -0.0467677 0.0291396 0.198202 0.978622
-0.30352 -0.111375 3.9155 -0.0580941 0.0385238 0.188268 0.979652
-0.344447 -0.119674 3.93041 -0.0676511 0.0462901 0.180765 0.980115
-0.392804 -0.123422 3.94277 -0.0753288 0.0533447 0.174707 0.980296
-0.42473 -0.124253 3.95477 -0.0804456 0.0581744 0.170881 0.980289
-0.446078 -0.121128 3.95691 -0.0834307 0.0607428 0.168921 0.980223
-0.457026 -0.122811 3.96233 -0.0848084 0.0618277 0.168605 0.980092
-0.466748 -0.122481 3.96794 -0.0850653 0.0623947 0.169752 0.979836
-0.47271 -0.118122 3.96895 -0.083846 0.0619519 0.172362 0.979513
-0.472919 -0.109739 3.97662 -0.0814077 0.060798 0.176842 0.978993
-0.469105 -0.115948 3.98924 -0.079289 0.0586067 0.182044 0.978347
-0.483002 -0.0994679 3.98979 -0.0737543 0.0563589 0.188323 0.977723
-0.492375 -0.107851 3.99069 -0.0690176 0.0529507 0.194891 0.976972
-0.511509 -0.119565 4.00704 -0.0642286 0.0496593 0.20152 0.976126
-0.529754 -0.106198 4.01562 -0.0571803 0.0455581 0.208448 0.97531
-0.540651 -0.106986 4.02886 -0.0506523 0.040661 0.215706 0.974309
-0.577623 -0.105763 4.04051 -0.0431661 0.0368056 0.222082 0.97339
-0.600599 -0.103973 4.04695 -0.0359263 0.0323165 0.228007 0.972473
-0.6363 -0.106543 4.07632 -0.0296752 0.0284948 0.233274 0.971554
-0.66139 -0.0987073 4.09285 -0.0223398 0.023485 0.238369 0.970648
-0.703772 -0.0843758 4.11482 -0.0150619 0.0196208 0.242042 0.969965
-0.757054 -0.100487 4.12469 -0.00993451 0.0172433 0.243931 0.969603
-0.82963 -0.116961 4.14306 -0.00525747 0.0162594 0.243469 0.969773
-0.878589 -0.116761 4.15154 -0.00075523 0.0145987 0.242909 0.969953
-0.926804 -0.137773 4.16131 0.00147626 0.0130458 0.240573 0.970557
-0.997386 -0.1631 4.16963 0.00289594 0.0137932 0.235818 0.97171
-1.07163 -0.172077 4.1854 0.0044969 0.0156576 0.229695 0.973141
-1.14348 -0.198978 4.19439 0.00402267 0.0173173 0.222095 0.974878
-1.21999 -0.212802 4.20777 0.00408663 0.0196648 0.213789 0.976688
-1.3048 -0.235414 4.2247 0.00297009 0.0227531 0.204156 0.978684
-1.38868 -0.264425 4.23198 0.00119324 0.0261977 0.193135 0.980837
-1.48487 -0.293179 4.2518 -0.00130613 0.0304603 0.181656 0.982904
-1.57986 -0.331441 4.26621 -0.0047283 0.0345745 0.169282 0.984965
-1.66958 -0.353032 4.2805 -0.0073028 0.0387763 0.158354 0.986609
-1.80222 -0.399687 4.30555 -0.0114582 0.0460477 0.145188 0.98828
-1.897 -0.432902 4.32394 -0.0152546 0.0505672 0.13348 0.989658
-2.00719 -0.469085 4.33226 -0.0190475 0.0557137 0.121266 0.990887
-2.11723 -0.515416 4.35307 -0.0241085 0.060933 0.109487 0.991841
-2.22097 -0.570326 4.37591 -0.0300637 0.0661998 0.0978715 0.992555
-2.30879 -0.605973 4.40065 -0.0349294 0.0709516 0.0874183 0.993043
-2.38282 -0.658993 4.4272 -0.0413907 0.0747105 0.0771928 0.993366
-2.45857 -0.697027 4.44179 -0.0468056 0.0788091 0.0678321 0.993492
-2.5226 -0.736424 4.46357 -0.052649 0.0825661 0.0599744 0.9934
-2.57284 -0.764647 4.4833 -0.0576789 0.0849745 0.0538341 0.993269
-2.60578 -0.800779 4.49369 -0.0629778 0.0869409 0.0545437 0.992739
-2.6431 -0.812928 4.51321 -0.0665458 0.0894088 0.0550341 0.99226
-2.67137 -0.840345 4.53397 -0.0716795 0.0906487 0.055877 0.991742
-2.70876 -0.849839 4.55092 -0.0752342 0.0931899 0.0554424 0.991268
-2.71936 -0.864388 4.55695 -0.079921 0.0937415 0.0561652 0.990808
-2.7323 -0.876552 4.5594 -0.083666 0.0937739 0.0570211 0.990447
-2.76142 -0.888177 4.57498 -0.0868334 0.0948346 0.0575515 0.990043
-2.79237 -0.896279 4.5943 -0.089282 0.0958778 0.0584262 0.989673
-2.82637 -0.923448 4.60635 -0.0922591 0.0962703 0.0583561 0.989366
-2.86972 -0.94466 4.61778 -0.0936671 0.0974596 0.0589018 0.989085
-2.9154 -0.976761 4.64728 -0.0961608 0.0985319 0.0584935 0.988764
-2.95596 -1.01283 4.66104 -0.0977344 0.0990609 0.0586137 0.98855
-2.99712 -1.05461 4.68573 -0.0988013 0.100294 0.059308 0.988278
-3.05315 -1.10364 4.7118 -0.0991075 0.102754 0.0596999 0.987971
-3.11088 -1.1542 4.74025 -0.0987891 0.105094 0.0597556 0.987754
-3.17067 -1.20467 4.77189 -0.0965537 0.10809 0.0605855 0.987601
-3.2269 -1.25656 4.79641 -0.0933449 0.111056 0.0607397 0.987571
-3.30182 -1.32186 4.83369 -0.0897768 0.115651 0.0599093 0.987425
-3.37225 -1.37674 4.86051 -0.0838605 0.120312 0.0592025 0.987431
-3.44731 -1.45217 4.88742 -0.0776201 0.125415 0.0570656 0.987432
-3.51341 -1.55247 4.91468 -0.072379 0.130536 0.0557458 0.987242
-3.5999 -1.62662 4.94596 -0.0634005 0.137713 0.0540031 0.986981
-3.68373 -1.72108 4.96164 -0.054376 0.144136 0.0516899 0.986727
-3.75564 -1.81538 4.97278 -0.0441442 0.15008 0.0496786 0.986454
-3.89552 -2.0367 5.07205 -0.0492806 0.160912 0.0405499 0.98492
-3.98921 -2.14741 5.08293 -0.0382011 0.167301 0.0361516 0.984519
-4.10061 -2.26169 5.08685 -0.0265393 0.175162 0.0331577 0.98364
-4.21903 -2.381 5.08676 -0.0151643 0.183145 0.0296057 0.98254
-4.34589 -2.47353 5.0582 -0.00054095 0.191457 0.027681 0.981128
-4.47163 -2.57934 5.00587 0.0125852 0.197585 0.0239877 0.979929
-4.59424 -2.6899 4.94461 0.0251942 0.203261 0.0204356 0.978604
-4.71974 -2.81178 4.87644 0.0369927 0.207168 0.0173256 0.97747
-4.86207 -2.92968 4.80954 0.0492996 0.212291 0.0138858 0.975881
-5.02085 -3.05769 4.76679 0.0598483 0.216456 0.00948534 0.974428
-5.19801 -3.17964 4.72539 0.0716029 0.22055 0.00570803 0.972745
-5.34526 -3.34473 4.71037 0.0793043 0.223094 0.00357158 0.971577
-5.49404 -3.45785 4.68288 0.0921212 0.222048 -0.00204379 0.97069
-5.68567 -3.59916 4.64711 0.0995483 0.22406 -0.00383947 0.969489
-5.89903 -3.72499 4.61596 0.108696 0.22716 -0.00643713 0.96777
-6.08053 -3.89816 4.61214 0.111478 0.226886 -0.00759961 0.967509
-6.24971 -4.07754 4.58637 0.116344 0.221735 0.00846412 0.968123
-6.47144 -4.18983 4.60674 0.12575 0.219699 0.0231273 0.967172
-6.69463 -4.36138 4.63471 0.129664 0.216187 0.0430101 0.966767
-6.91767 -4.51985 4.69106 0.133567 0.21124 0.0645409 0.966131
-7.10614 -4.64948 4.7822 0.136954 0.202986 0.0842595 0.965908
-7.27134 -4.72064 4.94377 0.139441 0.194608 0.106818 0.965045
-7.45131 -4.78942 5.12943 0.1413 0.187231 0.130916 0.963264
-7.62437 -4.88073 5.31535 0.14072 0.1802 0.155819 0.960981
-7.81385 -4.92889 5.52048 0.143741 0.171314 0.180883 0.957763
-7.9922 -5.0144 5.71099 0.142812 0.16223 0.20476 0.954671
-8.19444 -5.09734 5.90602 0.142589 0.154848 0.227109 0.950868
-8.37218 -5.16251 6.11329 0.142142 0.146768 0.248871 0.946761
-8.50517 -5.23098 6.32868 0.139796 0.136319 0.272029 0.942292
-8.62746 -5.14657 6.49529 0.14952 0.122164 0.292761 0.936509
-8.81308 -5.22208 6.69583 0.14803 0.115803 0.309384 0.9322
-9.02495 -5.40311 6.87599 0.1398 0.114591 0.325416 0.928153
-9.17369 -5.50739 7.11206 0.134679 0.109242 0.340258 0.924225
-9.36574 -5.58069 7.32745 0.133638 0.107269 0.350234 0.920875
-9.5322 -5.68897 7.52892 0.130075 0.106534 0.3576 0.918638
-9.7251 -5.81573 7.70765 0.124991 0.110556 0.360545 0.917716
-9.95198 -5.90577 7.94596 0.123901 0.119234 0.358448 0.9176
-10.1477 -5.99416 8.11312 0.122418 0.12718 0.355708 0.917798
-10.3128 -6.03349 8.31785 0.123997 0.13402 0.348809 0.919259
-10.5057 -6.1372 8.53031 0.120775 0.147857 0.341338 0.920371
-10.6475 -6.18086 8.71563 0.121172 0.156842 0.329252 0.92323
-10.8107 -6.23009 8.91236 0.12228 0.169377 0.315199 0.925771
-10.9908 -6.3332 9.09511 0.118848 0.185784 0.299537 0.928267
-11.1336 -6.37283 9.26746 0.120875 0.19825 0.281184 0.931163
-11.2882 -6.48275 9.47343 0.114144 0.216274 0.262557 0.933437
-11.4353 -6.54193 9.64593 0.113555 0.231561 0.243251 0.935071
-11.5834 -6.59266 9.76832 0.113407 0.244922 0.221306 0.937134
-11.7246 -6.62189 9.91354 0.115407 0.258816 0.199165 0.938122
-11.8629 -6.70611 10.0881 0.113137 0.275247 0.179875 0.937618
-11.987 -6.72728 10.2142 0.115828 0.287272 0.157826 0.937654
-12.1142 -6.79297 10.3359 0.114602 0.299902 0.13538 0.937359
-12.2439 -6.78885 10.4513 0.119543 0.311343 0.113174 0.935955
-12.3382 -6.83163 10.5865 0.120043 0.32222 0.0927572 0.934454
-12.4386 -6.88276 10.7115 0.120517 0.331989 0.0736912 0.93267
-12.5512 -6.91947 10.8127 0.120713 0.340511 0.0562341 0.930787
-12.6412 -6.95746 10.9203 0.121162 0.347545 0.0408884 0.928927
-12.7368 -6.99997 11.0237 0.116733 0.352354 0.0301699 0.928093
-12.7994 -7.05073 11.1278 0.112748 0.355076 0.0221596 0.927774
-12.8629 -7.09185 11.2232 0.110612 0.356438 0.0158602 0.927638
-12.9283 -7.13295 11.3348 0.108199 0.35795 0.00965819 0.927426
-12.9991 -7.16008 11.4163 0.107773 0.35742 0.00512276 0.927716
-13.0633 -7.19508 11.5062 0.107974 0.356358 0.00211151 0.928113
-13.1087 -7.24064 11.5807 0.107208 0.353669 0.00249537 0.929229
-13.138 -7.29266 11.6406 0.106022 0.349053 0.00380558 0.931104
-13.1961 -7.32202 11.6931 0.107804 0.345696 0.00622658 0.932139
-13.2393 -7.33492 11.7352 0.111269 0.340795 0.00746236 0.933526
-13.3077 -7.38386 11.8141 0.112467 0.340296 0.0132261 0.933501
-13.3482 -7.40782 11.8616 0.115432 0.33555 0.0178733 0.934779
-13.3934 -7.42979 11.9107 0.118959 0.33129 0.0229664 0.935744
-13.4541 -7.49333 11.9854 0.119312 0.330541 0.033209 0.935657
-13.4936 -7.50629 12.0269 0.123687 0.326399 0.039443 0.936301
-13.5226 -7.53369 12.068 0.127097 0.321968 0.0466645 0.937046
-13.5587 -7.56273 12.1078 0.129987 0.318444 0.0552101 0.93739
-13.5808 -7.58043 12.1426 0.131448 0.312978 0.0637589 0.938484
-13.578 -7.62217 12.1636 0.129056 0.306382 0.0740672 0.940234
-13.612 -7.65175 12.2208 0.129417 0.30571 0.0850414 0.939474
-13.6073 -7.65163 12.2153 0.129531 0.298039 0.0922925 0.941237
-13.6121 -7.65926 12.2206 0.12976 0.29269 0.101043 0.941985
-13.6223 -7.67412 12.2318 0.130367 0.288458 0.108363 0.942393
-13.6353 -7.69911 12.2473 0.129073 0.284686 0.117005 0.942685
-13.6563 -7.7206 12.2869 0.129191 0.282734 0.125218 0.942201
-13.6658 -7.70776 12.2837 0.130854 0.27657 0.129573 0.943212
-13.6992 -7.73432 12.3126 0.130244 0.274334 0.137345 0.94285
-13.718 -7.75454 12.3408 0.129193 0.270894 0.143415 0.943085
-13.7577 -7.77504 12.389 0.128536 0.271584 0.147988 0.94227
-13.7821 -7.79223 12.4272 0.129085 0.268791 0.154537 0.941944
-13.8203 -7.81552 12.4672 0.128694 0.268262 0.160891 0.941084
-13.8554 -7.84107 12.5105 0.127315 0.268645 0.163474 0.940717
-13.9039 -7.85045 12.5526 0.126799 0.268751 0.163709 0.940716
-13.9573 -7.86799 12.6105 0.126614 0.271738 0.164948 0.939666
-14.0135 -7.90423 12.666 0.125025 0.275854 0.166472 0.93841
-14.0711 -7.93424 12.7308 0.123049 0.27951 0.164052 0.938015
-14.1232 -7.97865 12.8017 0.120336 0.286273 0.163352 0.936449
-14.1882 -7.99943 12.883 0.120987 0.294387 0.160573 0.934327
-14.2631 -8.03867 12.9553 0.11906 0.302601 0.158936 0.932228
-14.3429 -8.07097 13.0413 0.115839 0.312212 0.153436 0.930385
-14.4394 -8.10704 13.1393 0.113653 0.324946 0.147603 0.927232
-14.5068 -8.18319 13.229 0.109083 0.334228 0.141837 0.92538
-14.6136 -8.23121 13.33 0.105937 0.348418 0.135864 0.921399
-14.7119 -8.26112 13.429 0.105315 0.359859 0.12414 0.918724
-14.8002 -8.30373 13.538 0.102482 0.374982 0.117672 0.913834
-14.8821 -8.35752 13.6467 0.099945 0.388704 0.111117 0.909191
-14.9873 -8.34847 13.7798 0.101786 0.406044 0.100762 0.902591
-15.0531 -8.37806 13.9183 0.0983955 0.422034 0.0912008 0.896629
-15.1172 -8.39995 14.0761 0.0957402 0.439803 0.0811755 0.889311
-15.1582 -8.41299 14.2234 0.0929152 0.45546 0.0697821 0.882672
-15.243 -8.44062 14.4399 0.0896334 0.477444 0.0598081 0.872063
-15.1349 -8.46584 14.517 0.0847688 0.484079 0.0506697 0.869467
-15.2943 -8.33739 14.7516 0.095102 0.51176 0.0302819 0.853347
-15.3164 -8.17082 14.9646 0.106778 0.529434 0.0118618 0.841557
-15.3001 -8.10206 15.0852 0.112066 0.537397 -0.00406756 0.835878
-15.2493 -8.13617 15.2311 0.108191 0.547159 -0.0147704 0.829914
-15.2154 -8.18451 15.4481 0.104022 0.561057 -0.0231759 0.820927
-15.1623 -8.2244 15.6304 0.10006 0.571015 -0.031648 0.814244
-15.1516 -8.26751 15.8597 0.0954953 0.582565 -0.041201 0.806144
-15.117 -8.30718 16.0782 0.0914335 0.592486 -0.0494927 0.798886
-15.0426 -8.31657 16.2319 0.0878371 0.599435 -0.0592809 0.793421
