2.360725307788146
1.7410897456361285
2.2627303869201745
1.7062856298003686
1.5920931999994843
1.285182748828626
1.831854094809339
1.4193059063183364
1.947524064813746
1.6307522389720854
1.1078948476227888
1.8194169190328673
1.6294911865434958
1.4764869772111069
1.831829231227906
1.6294633611401945
1.4473602419368103
1.5682512909943298
1.6098650720991767
1.2153501945499596
1.6090010615663424
1.5635075412808803
1.5359297974046082
1.6008295056875628
0.7818418249620738
1.9649668277227836
2.0918867594830934
1.7865186729769413
1.562782612081051
1.0722541752205326
0.9687530177433982
0.8310160690370753
1.3237883292188617
1.5546324165998129
1.7171703393416078
1.670042776059291
1.3195788273049418
2.3569977785296534
1.7466545736976133
1.353433542123061
