1.4285295346017635
1.7951580753186485
2.86213555388466
2.847126446238063
1.518473280542868
3.251418336247759
2.5192754582126557
2.6648141417646674
0.747033194064938
1.5124969473595222
0.9499381701289548
1.0319825059522896
0.7864967409388071
0.41034856989086776
1.8267031000997065
2.4561780380073395
0.6329512305195717
1.7656376270780372
0.3538751818170359
2.0611874378310415
3.432257528379828
3.463168941333802
0.8067712855782545
3.6106359473643646
0.5376594949201663
1.357968682970344
0.8246475486198122
2.9410829713224773
1.6523260131197204
1.2822032160619405
2.841349774821139
2.5351728302649716
3.1873922959057297
2.267181970753187
1.2810501759304316
2.8209353699993995
0.28328956708313985
1.097684346221963
3.1951060181648057
0.4423723621548451
