3.487744924105436
0.5073427267680796
0.16138269767525384
0.9547467374664483
3.1422171892944846
2.542968954135877
0.3394391977193759
1.1709143112320415
0.3303400395980339
0.3628109385463011
1.9350349570260326
3.1893259498717756
3.528528761333703
0.3857415280520533
0.7170624579653503
2.8353071235816647
0.7537506548355972
0.6946181136809414
0.76303053818511
0.2903774835999777
1.8501859484698828
1.9377455378083976
0.4396727625965537
0.179704344122086
1.4879671835187498
1.0720337339190469
2.784131442006888
1.56753688367701
0.20005353757737376
3.1083797038224206
2.097904300144099
0.4077101733136633
0.32755102648656925
0.4826243145089638
3.0876614555720416
3.616133154670713
1.562071309389337
0.7049813781395631
0.2811592762184925
1.480382742336295
