1.7049212310648354
1.0422250579516994
2.613525353506263
2.1217599422709776
1.5330235115175739
1.3642161277196587
1.0761868103187406
1.9185006323755354
1.627165029928958
1.779340534720639
1.6933049068874744
1.0269717759429082
1.2755094369137003
1.6049380872398478
0.9955406960379739
1.6570886512816139
1.6516047385884318
2.169715804647947
1.8908592670042272
1.5158319280874952
1.1999597704346316
1.1262870663155837
1.3275551178237
1.8718753381941613
1.8064970438782897
1.5481553572057223
1.7182883059603498
1.4648089188486095
1.4072022353842597
1.3327612444001589
2.0269394872756066
1.8601233797322898
1.1804656798955904
1.2955798466375885
0.3252315586606553
1.783741171824961
1.911878621649695
2.1333595677879003
1.4401472602127738
1.6339173112491228
