2.645937012617861
2.0625092129258435
2.4706645924747606
2.309877198238061
1.8879278888783106
2.596844602952995
3.042069953370843
2.0376709252313256
2.573453005662368
2.77167812706228
2.2644859902846117
2.6902294210716766
1.8420819865123361
1.1621140500715077
2.276202692128188
2.012972112307985
2.77483788154498
2.8911306934998726
1.710396053595144
2.3669556518271557
3.188171215455894
2.68058917974252
2.700942048767832
1.4983409028231056
0.8814908365424573
1.7246129198151499
2.7371392901518456
2.6314724270117007
3.085781715157882
1.9866693980936119
0.9518100472306473
1.785754822433642
2.70563949365336
2.1782881046758407
1.2100968515262993
2.977687660897946
1.5401560130098988
2.3628000472254933
2.1321349348025147
3.1503749638357528
