2.4808270482765296
2.9503784456494477
1.688849320855535
0.5386281132865072
2.562190877319935
3.5862234406539524
3.1175253298892316
3.0364700422481006
0.3801013604927148
2.5263880657356017
3.1995585343012123
3.187371315098272
2.4931268868194363
1.5227829921119123
2.8030704931495487
2.360995295734086
2.7871713913994167
0.43042376222003237
3.123312044962347
2.9593428973718314
1.8636896012038984
2.7415932188881054
3.3023441167191234
2.037355775882115
1.5201233436317043
3.1890892302767346
1.9234831395027596
2.767823075251725
3.1463534474425114
3.6946805530165254
3.3406454814943523
3.805877134997942
2.924625522051685
1.2488499703979454
2.491620364369516
3.0952085370110436
1.5058127785124154
2.6254593359709477
0.8785123576643434
0.5453414994573637
