1.5228771495916533
0.1849316602673665
1.5442336005484574
1.3750265888609328
0.7756184578024579
2.946914157384432
1.1468990880519274
0.769081388231482
3.1253722809777047
1.8369523734960764
0.5467530852400022
1.3626694882829067
3.677823117300612
0.19459010670534377
1.0083691476408774
1.1823434772822388
3.16532567735672
1.1561946816660842
2.5998973430460395
2.9975468389387685
1.0946966441688872
0.34182190453222644
2.046331217807474
3.284946282437909
2.915235353071304
0.6441491408708486
2.568226601422071
2.4322862034251203
2.782739300069446
2.8421806042919147
1.312574483647071
3.0418739365689293
1.6158437697570016
1.1137201538537815
1.6860371953944875
2.856574098811683
3.7824657214899524
2.3571098195666935
2.2693228896070075
1.9213294754907668
