1.9146158025687152
1.6784353040809237
1.6312121063433955
2.129097731123092
1.5212106748378318
1.7553279668292623
0.7692814207232845
1.5081773576448496
1.1815958257420383
2.1003329650138394
2.036967693708529
1.3341621031505344
1.2574172506728225
1.3448012320213838
1.8938758629117218
1.016653348758109
1.5788216065006881
1.2552108445519718
2.154636668531634
1.7064802504004475
1.1148851964839068
1.6449026507605249
0.36937076717304795
2.0712482644171777
1.8018127495872636
1.4346841982981509
1.2404927549969262
1.8907091572509571
1.638487798606783
1.6672828226616658
1.239385906434226
0.8307085723047659
2.1677634833167834
1.4757022384448524
1.6432628494256984
1.5721945673073445
1.63770257528
1.5065943514737854
1.3295773716393045
1.6318117316420895
