1.3876076610748769
2.152072828234448
2.882098287493019
2.3736753333841647
1.9278424761153499
2.282371424853382
3.2631677937770234
1.9630104955679935
2.8198864397399643
2.785809767121648
1.9781192067828781
2.1511735196036788
3.138197135931811
2.8502974793112896
2.646041054738714
1.7009354279958981
2.4526684080385293
3.1315582176924606
1.603170872148522
2.409067354301034
3.4666315274089374
2.189008565170892
2.213723849701395
1.999250383513361
3.1476849682356804
3.2538524935498705
1.888249840954927
1.537032383234925
2.769975271322838
2.028578735748604
1.988458165312822
2.4456952799969263
2.5362146620460257
2.0194965507770073
2.086508836739018
1.4280350561364166
1.711715429302486
1.531614405465895
2.100218728797152
2.5160486104787116
