2.968565293535558
3.616627874629319
0.3404144285917083
2.8072737369607075
2.5966715571480554
1.9426365454629466
1.0115715832804124
2.4190420071410275
3.3276036193129417
2.9487752672997245
2.973817432738056
0.9174705197540782
3.955606489823298
2.5439488383351287
2.687953722405496
2.8505644194605853
3.5529378103940346
1.6724954877751184
1.8591358893960823
1.086612295901019
2.9474190332422547
2.4868887567719247
1.5717128883090234
1.5103226281396707
2.8599650704558095
2.1383807691226693
3.0444283535305945
3.3246751962632026
2.5796194148773037
3.02699770669628
0.8694467636972237
3.8073835530704856
1.597898515082112
2.757011576620544
3.476002792697699
3.1439980657382702
3.044718791589495
2.6643784598805413
2.973846661536085
1.2552283050542514
