1.8215335294046988
1.8623695442751629
1.9268968758933311
2.031857483392778
1.9452003128959665
1.7067869218966258
1.3865124998008602
1.3008077620343235
1.641963643849357
1.78826767705142
1.9794161567332704
1.8327526850293547
1.8776313934700952
1.6727626550277293
1.1512514031915204
1.5129078062366421
1.6177515849139255
1.2871103471364562
1.82576606980212
1.644674811442579
1.5826271919849015
1.5869110253631138
2.090471394110724
1.4382257530346512
0.8931694287242765
0.9699916114557184
1.3731953097557599
1.7634700508083314
1.5399363359205938
1.8008856869609013
1.5466397991920533
1.3530143063606028
1.5739118052183974
0.7445342272686928
2.2985450236999165
1.9289694675969906
1.7317606024763754
1.008547084854546
1.713572022904551
1.722247028100094
