0.8334905239319732
2.7935213238941046
3.311250037577315
0.3538768798780389
2.832497793319513
2.417835312386708
2.6222873760096768
0.32039694619634845
1.0462454542979274
0.29853396505491686
0.8452923891140984
2.763216886910496
1.5111467159912477
1.3029425939146373
1.0088194862123694
1.798241695471031
1.6564480324562296
1.382946018828808
0.6992672019996635
0.583505919462378
1.6102822262334375
0.45917418408760863
2.92168114757186
3.337207743231012
3.0377811668492742
1.8205445483355913
0.8213025865061018
2.3454207862471645
1.3623917605814595
2.628616761188585
1.990250437901025
0.9461360718908867
2.8468554807431743
1.6744615882655638
0.5879381900125973
2.285411809011834
0.6218054599513141
1.1751217545581742
1.6672501060296487
1.7812177051764462
