0.15884480240869991
3.129334115461386
0.18691712426579282
0.5610548289784342
0.8979942392028276
0.28021042882572383
0.34192044879447697
1.0076616666327243
0.6042863189644859
3.341421498025204
2.076398305337782
0.1505215323098204
1.6415131134066137
0.6524501774778894
1.8802726574566333
3.1840001243730156
2.334247949958573
3.3576563663521592
0.3153951558249717
1.7431611583727693
0.6961828843914718
0.7618634058455521
1.9469333811078926
0.4731339491925829
0.30143370975157047
0.7510627830771331
1.2608271358424095
0.47026667751566115
1.5062363071818774
1.2818379934237338
0.8962765828716538
2.3972635453383635
1.0396412142323024
3.1543289286467338
2.198322024613919
0.7460008228416921
1.0461043254871243
2.64816761054939
0.2853222317566188
3.3365477974851587
