0.733218382179733
1.3647369314253162
1.2057236900917634
1.5571459159388805
1.3954036391593176
1.54981391095507
1.4722149865872007
1.751503054717335
1.1874358349552931
1.5074011195101908
1.407206636534759
1.6972060991637148
1.7586837273401896
1.773448872970032
1.287807520661444
1.7979326995129226
1.9758611151436527
2.142463045723616
1.4194000692791797
1.633258971281743
1.3436959597348275
1.7351524467546329
1.6858604474867975
1.8824566987210078
2.1616430650431067
1.6651603461162305
1.7311760561452192
1.0164115442237511
2.0396680083425505
1.6369561931410654
1.6205020475681073
2.498080766120912
1.7049539163123784
1.514791561382474
1.4716983719298935
1.4713178423306512
1.6268184375148738
1.1849729422411803
1.6918109543538566
1.8916229366410637
