3.2169839286124153
2.413211431919997
1.6258678391181394
0.7045998852878621
2.5412630629612427
2.1958559615908904
0.763979383716251
1.4896688717538134
0.7937240968642992
3.5767560797557976
2.930015751954295
2.0760134560680013
3.360888823131992
0.9618855183403611
1.4146027186418229
2.474756121527104
1.306987928082308
3.1236370410991032
2.9773566912340517
1.8727610463079185
2.981206436561217
2.302896586316006
0.7352859926788805
2.9239227097941853
2.7175015990875484
2.8526865380735913
1.7778269386260177
2.826494961376018
2.745360490254355
2.123472706377393
3.054623680000636
3.304290600844274
2.8351251095057135
0.9212442546891497
0.6103475949480291
1.7005447657262744
1.3084453827095168
1.8914740528606262
2.734835578649787
0.853891251742191
