2.0936999942047874
2.0158977234260784
1.5155622744022554
1.5658152576110114
1.6164363540550108
1.6743530524155412
1.6801580906653402
1.4751882774799863
1.948557979556143
2.129223132235597
1.4309659898520093
1.9147579671296748
1.4688136004925563
1.6300841127775296
1.6411058623396217
1.8249189930099496
1.85355303269597
1.7079365434794629
1.6139849005709346
1.8085764249671143
1.6844918347057145
1.3270827018106588
1.4597138308221225
1.9351004846598487
1.9232478617205904
1.9727676088070225
1.966920990954733
1.8154344584791795
1.4301824552728366
2.0970859215979822
1.2214816433553943
1.2705318671229677
1.297949946961021
1.1718869566099224
2.012693631420551
2.3172814550010012
1.6579950746750332
2.0540978324880985
1.8408763770037389
1.8126771332537897
