3.1748351342654453
3.608304196519428
3.194940489645055
3.0570015005344673
1.8152717571760726
3.054142120320495
2.8008096213727636
1.897060729432772
1.7611644712363719
2.45297195995928
1.82976801945837
2.491318691351983
1.9987240092699228
2.3751076573388077
2.004978870368054
2.5175047955624232
2.9542057113585134
2.601491383648689
2.2220744329166497
3.286436870324853
1.9396399699581863
2.631357414450434
2.7387878704482027
2.248434978240222
2.6976554911176196
3.532663134912498
2.1478958018594514
3.205878344453441
2.129756942425663
3.8916033619918955
2.471526764124579
1.5087212982038858
1.7719846686587177
1.7045815587684667
3.099682968192965
1.5679767135196607
2.8789257704458033
2.4102794693046583
2.071248893934136
2.6335155171621265
