0.8224838061335874
0.7047116097502192
3.780349594740577
2.2782868993864507
0.8554398386066485
2.4962205564730997
2.6347944425149374
2.9216759500842655
2.2428268849269912
2.0971544521661527
1.8744147474513844
3.0134297759124182
0.4060689191571475
2.2798881914121476
0.8428579955467024
1.3657058980428054
3.1652746238275946
2.774410452950638
2.2186637579843222
1.15478043715385
0.5463206012164212
2.654460842144524
2.5268099862880766
1.5982628385894044
1.1052780016552
1.3725733375267373
1.726246337357538
3.05122693335092
1.1928529340792897
2.790961806982129
2.311246194921139
3.0795882212555745
1.1518730134460429
1.9681923389661187
1.9380740796938605
3.193714290854192
2.3466266821489827
1.818511543534955
3.476394878424866
2.8851580017274587
