2.164195718164823
2.1654080074811977
2.4477957249207054
2.8826622432034656
2.071797570072197
2.065656121098857
2.8037467270679923
3.0872913533948405
2.546525848334658
2.5957161159362068
1.912562578134415
2.0038359010827196
1.648198917784348
2.4156886045215615
1.7568821036978524
2.2076229145427733
2.2261798785930202
2.147549171838476
2.6297083364013623
1.9930020660153172
1.8206637615378438
3.405765008051935
1.1954987334482137
2.102886654476141
3.429695926730553
2.5087573279718387
1.8447000798633644
2.3520276454388025
1.974878420253475
2.166793497622115
1.8836470196431085
2.252833548262647
2.8836127606577233
3.1336272713334954
2.546076345396875
2.110748586729334
2.0661673990733123
2.724757643270633
2.3703227653643753
2.2918275259350795
