4.098190097454329
0.4410923135150057
0.6659844761703957
1.160503713179416
2.847759721267793
0.7090649065333787
2.0055862402410316
1.6300259689724321
2.837546112071561
3.241473079691042
1.1350880327538528
3.1368748555942085
2.893717458048709
3.2748487416135883
2.096229407180296
1.4788950862558699
2.980813430987604
1.921754017986659
1.0449087835532205
3.259703652389131
0.4836723801167533
0.20735588770167648
1.9823450477494686
1.2283031958342026
3.264898032406662
2.3015703634675737
1.766849287195019
3.2802443228754665
0.5066273006537088
3.0718213718568337
1.309296147751482
0.8346111133689021
0.602964355291551
1.44312766088098
2.0730670330476615
1.9057744234435794
0.8137426696453015
2.5823545294406096
2.0422985847553776
2.2538689632518083
