2.682980599820324
2.6796896085393875
1.6501989640772625
2.3178062946834332
3.1448151242641034
1.3523183397163312
2.5626035415809567
1.9931082852800825
1.9578586561016345
2.355128432386342
1.7724305252892678
2.8147442418554354
2.383787643515585
1.6583247970229933
3.051439666120272
2.166201520834259
2.7386715308193588
2.6867946139201964
1.7483213038050802
2.8133662064059353
3.720559129969295
0.5479318336268664
2.5827336216791785
2.506605397858581
2.2710099223131923
2.378860066384506
2.2182425705349513
2.336002303473
2.9843797296014167
3.3842588133299913
2.844077236367477
1.925965526744003
3.2037521722426034
2.4066294405068263
2.7610458563078994
2.322748595974564
2.036502086797685
2.552456798836254
2.7371577319816773
2.5476851875223083
