2.2192562519246284
3.2030150046959274
3.3236534772114816
3.102196688326927
0.29916712612700913
2.8621078612484787
3.7192565759731693
3.5183317988759573
2.112000767001799
2.741527981161744
2.2639741483857865
1.4394779658513748
1.6103421173399828
1.469109057544078
2.5486660871041438
0.9611195618659799
3.081161017218796
1.0574641243549323
0.67844571587729
3.6802244118662983
3.738684712157706
0.284479343933546
3.320610233518603
3.1417784629741945
1.7355668677499103
4.121678885929753
2.956938048276565
3.508261386926138
2.9604533386412664
2.400354274981901
3.3619121888110426
1.433855535394501
1.9240355612598943
2.750408858270362
2.1339467798490386
2.7880736498512784
1.560934586393322
1.9748415321865964
1.813864456689745
2.3013063176659627
