0.7028686325826324
2.911209092247535
2.228059097989156
2.566859087590082
2.5682248238069323
2.701824385428483
2.4998296926997843
1.927864303507464
3.851118131123239
3.6456203883139024
2.092033049809347
3.174048642176898
0.5767395608260301
2.4586681667858783
0.24172669013622164
2.9732608124009055
1.9621866017695289
3.405400991655721
3.213332789870362
3.1256617582638837
3.017870877502828
3.4543214400522535
2.885431012086844
1.2810102890713746
2.4666718398761294
3.2647145212097066
1.6026058556924079
4.343308516533355
0.9126216979033313
0.9212373112433878
0.4004360553050314
2.5972608438460627
0.7178137956698983
2.6100969899405277
1.7279457854673044
3.3298867088333455
2.5519506113379755
2.071575403381556
2.691818937049913
2.6809907957440564
