1.966321008796813
1.855505407054886
3.0079026393829884
3.072371696307104
1.9578841120779702
3.2160819072960263
2.221414425330392
2.5990155946816658
3.527351238131856
2.7381681669682543
2.697120495847109
1.5265961863280721
2.23201721094286
2.2028576229403134
3.0690950478175485
1.008971125276746
2.531527430857346
2.2018898235985835
2.4793677704140884
2.6966436183541984
2.3203840008633363
2.9567018040858546
1.7224055676741168
2.652997181007667
1.168697175848231
2.2847841696291256
2.1673438580803546
1.9077467831499662
3.635281873872643
1.8821004644286605
2.2000311647970014
2.369130613257782
1.9301953952479367
2.1839112184283787
2.274904111903549
2.2495393133069084
1.4213657557887132
1.6919809357227442
2.6307354765861835
2.03851525165122
