3.0466955254448886
1.1905236229022853
3.191725429583927
2.2589236444044087
3.1485238897027066
2.2140587229342823
1.2753562402204894
2.011144166765508
2.1210377449132953
2.737217712246655
1.3877052095010385
1.368829271553354
2.124690611109169
2.243101995390869
1.5413089211377884
2.714281192094851
1.8217221856724908
2.8106680765309973
1.4653614905316286
1.9462524890177217
1.440531528707921
1.8623440031433742
2.0113077906657364
2.136357098500851
2.829276122895898
2.0176290827745227
1.9325863037386706
1.6838482372215033
2.7678630480411686
1.4743189828755914
3.056747326136955
2.0291499398673873
2.620468717449482
1.952643542592694
2.6696906345430556
3.0576685392037453
2.9496973697828937
2.4292122590617815
2.01499011753965
3.141663953037357
