0.0640090450671591
3.4724119423833977
0.5166920203584585
0.3844260080756696
2.8770584642109047
0.2385932513646633
1.6215647087697163
3.0980565765986166
0.41784220249523946
1.5288577662757932
3.108223889382285
0.6399567854864603
0.3211189085618239
2.857447840328457
3.189927144665787
0.5961394137804651
2.926618307230207
2.233447657515799
3.1021611122744774
0.5515018955015362
4.061287165178004
3.001706130725936
3.4218998978629704
2.937804039416914
1.177160260722257
1.9208380748307927
2.5512565086709893
1.2900190296428546
3.2606738978058663
2.8985611370780786
2.6835412823854607
2.5377508110985505
0.9131652542841222
3.6296542924563178
3.2261001129557503
2.8947510870206714
2.9871887641446695
3.359876668101414
2.7183761831874835
2.206718813320791
