1.8744895992669461
1.9147576988074138
2.6236668764938864
1.0927774666949428
2.108274715172377
1.8351461670365348
1.7278430451895845
2.121611870688726
3.3499177346684634
2.3778467834524757
2.5604507207290212
1.810917378308843
2.313941888946613
2.992723770789688
1.9696884861451913
1.5834764149771796
2.567784584491936
2.154687151773901
3.1118033178820177
2.172959074315781
3.0062787701154914
2.218453164145667
3.181565786670646
3.3840956065769574
2.334063055118319
2.2297734824679307
2.564467382335008
2.2547979084681753
3.3527478166696913
3.05087656210322
2.8665934812126856
2.9170051007757913
1.5043445544859704
2.828236513048574
3.144659341995187
3.209974849704212
3.145787876950441
2.2231083087286883
2.2240699316470494
2.378415305415404
