3.630479387145264
0.5926064447541725
3.18798191780788
0.7687577986139791
2.852404149872262
2.770005844683652
3.2606367259290865
3.0446408126887414
3.234346955247149
2.422065367371306
0.9649449188605166
0.7376719400842767
0.7980979357675198
0.41389886248110247
3.175630426159476
2.6020595981476258
3.462519260170459
0.8912636199779042
1.3948442553155054
2.310686016463369
4.073365455718931
1.966360862061708
0.4314859195516633
1.3017484916220847
3.226610991534167
2.678477288677422
0.4637429703125674
2.3101200518539264
2.458921734660612
3.119484760472147
2.03067282927878
1.595109433956745
3.3597524078752263
1.7850801923748891
0.8798415015628903
2.2666013116579404
1.4166880568813291
2.735894149180933
2.26652279179617
1.3959543817830902
