0.848707071680487
3.0157548839130635
2.7449833027723973
2.524154843709009
1.697648592442996
0.5789788837314852
2.472408072674717
2.960404889206529
0.9447890172494733
2.2685618916438286
2.8980858283453634
2.515953879517726
2.8499479664173553
0.5201999083932051
3.104146882427882
2.6906898474861602
2.6867312216299193
0.4549361436512276
2.134716192607731
3.1156641489121957
3.0176796347945087
2.9989639953490626
3.135442504610451
3.0566596236397103
2.411906253864607
0.684133344903839
2.7483374253805106
2.0867784651212973
3.284507462798301
0.5027901078307
3.3911580971052864
1.1348883452426786
3.5532626262995337
2.456360932112034
2.268289063646501
3.8676437097604457
4.180599210610288
3.467591547315167
1.1548845451076668
2.869418970795725
