2.7678752470429404
2.618067235483755
2.7228604783063686
2.251586898696325
4.339485034478798
2.1401608015433706
2.1695173188333765
1.8440781893057903
2.6587570705230092
2.2074452994026617
2.1434200831959127
2.167769103168566
2.8837660761272885
3.5087053599415587
1.897668582249463
1.6341109979836952
1.2823683073020415
2.932474700789549
2.808206531461451
2.216500077512165
2.270589110177724
2.1857676749719412
1.9846084349060973
2.0216386370681536
2.449937910959814
1.739379440352757
1.5625880704588375
2.381995408124527
3.2631384568654456
2.843775086259813
2.6755293741756527
1.718185774070651
3.241741337377905
2.243078983931334
2.573731882254615
1.140199631148066
2.6584876554617622
1.8822940340399275
2.550480634398896
2.682801263807098
