2.1741819618087757
0.34176135774662764
3.024626692266779
2.6859717177119116
2.7812760578908304
0.46286877063212123
2.848692134666714
2.201626911074256
3.435319508981381
2.4622929220504175
0.4062177951328472
0.2989268033470278
3.3007314938749364
1.0750580636884302
1.799578675002117
0.8768021247452998
1.0415667824174262
1.0031968935491338
2.1061639645696224
2.5205828116764613
0.5129778376822509
1.542086128645477
1.8860047997326996
0.729114843665898
2.154179157742674
3.394318505239223
2.86860932493412
2.9023339262103427
0.35113192945544053
3.2842996302519256
0.7487496677703568
3.0739905177100764
1.4839193663771015
1.1789832885880145
0.4507350287045327
2.565905089903532
1.0433636171792007
2.1057384065895413
0.4371859513396513
2.9046385560797745
