1.2123037310840812
0.7882984076284983
2.016219652950456
1.8643400178628688
1.786906948699031
1.187065229062687
1.6369561877085144
1.6105598112197494
1.7747448239160408
1.862760747303033
2.052776312565488
1.3807232609701103
1.6560804069266866
1.9459388640334092
1.626226966677815
1.5605557066757008
1.5728767639834862
3.1981663844261026
1.1470894415398982
1.2708500188771954
1.0974271668617173
1.4935699160475493
1.8283181533243318
1.786046908030621
1.946560852650921
1.8367174577752337
1.7078820696294104
1.7682439258695157
1.6885433160094578
1.6936751453526437
1.81126222622584
2.3731426520126693
1.6269142338040767
2.0718537229897995
1.936681722688922
1.2196666013219006
2.156521611087323
1.7095421955356145
1.222322673015076
1.0076528866624506
