0.7592276680932548
0.4764643891151878
1.1833041758126666
0.9411027697657125
2.188637589439833
1.2478686658743976
2.5158728264653165
1.0960546717506958
3.0195709599638954
1.9284895696958047
2.1789131752947934
1.1952116767720062
2.1414464045724717
2.4296285751396973
2.682279176291709
0.38111017475694986
0.9819158293156863
0.9442173106859433
0.9104977331850073
3.298095575469158
1.412534350693269
1.160314338814579
0.5220475520194356
1.050577841330369
2.1750160893447474
0.8407840348409935
2.6329979797451197
0.48748236077473645
2.8510243198144454
3.4034056728074553
3.2449379093408446
1.1471612054766296
0.7327237470808946
2.1852223663094574
0.385454000694233
2.449827804975096
3.9618039525420206
2.549825540153289
1.0021866001920148
2.4057718511384136
