1.7545589656687048
1.285812991083067
1.0931969209663897
1.8204870178415442
1.322132360899893
1.5204518736965114
1.465497760938785
1.0886618943741062
1.8917894219842253
1.595397483912094
1.8383269663005606
1.1519878459688957
1.4715439769987568
1.7441818828956046
1.5090961226161281
1.7742610500155818
1.6047494050915756
1.6103657372123796
1.7623713012359767
2.105394947806959
1.5104197191669604
1.9784510301382556
1.9797690376798152
1.2370892617132776
1.327871522097709
1.9927278903044714
1.705846899573231
1.4612044293573445
2.565920495167108
1.4120313761201677
1.5422067348524688
1.6865956146123324
0.5522244945818379
1.5849526928768534
1.6308666397689853
1.6561972089893322
1.8799411551300302
1.6401577851264773
1.488646840464659
2.1847557619160463
