0 0 0 0 0 0 1
0.0569863 -0.0250673 -0.132956 0.0139443 -0.0167808 0.00271797 0.999758
0.0941833 -0.0602913 -0.261789 0.0284339 -0.0334563 0.00411503 0.999027
0.141065 -0.0922521 -0.372373 0.0433679 -0.0516634 0.00731406 0.997696
0.158577 -0.147257 -0.486155 0.0571467 -0.0684477 0.0101538 0.995965
0.191253 -0.174439 -0.626559 0.0735244 -0.0869968 0.0137021 0.993398
0.232172 -0.192623 -0.712799 0.0901632 -0.105393 0.0174463 0.990182
0.348432 -0.155562 -0.777773 0.110258 -0.129358 0.0209899 0.985227
0.465349 -0.159847 -0.849626 0.127613 -0.153982 0.025577 0.979466
0.341288 -0.149513 -0.898346 0.145304 -0.160436 0.0296624 0.975844
0.407546 -0.172377 -0.965173 0.159908 -0.180589 0.0335883 0.969893
0.487125 -0.167774 -1.03039 0.174873 -0.201246 0.0366523 0.96311
0.577733 -0.163038 -1.09572 0.189059 -0.221546 0.0389722 0.955856
0.628497 -0.159144 -1.14481 0.202901 -0.238501 0.0421861 0.948775
0.718753 -0.130383 -1.21064 0.215777 -0.256665 0.0440567 0.941078
0.782747 -0.116425 -1.27533 0.226415 -0.272187 0.0452962 0.934134
0.880148 -0.0850319 -1.3398 0.235842 -0.288019 0.0458082 0.927002
0.982015 -0.0372454 -1.39605 0.244881 -0.302953 0.0445212 0.919934
1.06673 0.0468701 -1.46093 0.253679 -0.315777 0.0431331 0.91328
1.14412 0.042215 -1.50429 0.256081 -0.327695 0.0380376 0.908626
1.23412 0.0776009 -1.56928 0.25799 -0.338017 0.0336746 0.904468
1.33038 0.158963 -1.66276 0.257965 -0.344713 0.0295253 0.90209
1.42076 0.202018 -1.73538 0.255178 -0.350836 0.0232078 0.900705
1.50088 0.255488 -1.83403 0.249946 -0.353555 0.0158955 0.901269
1.61558 0.291625 -1.90825 0.2425 -0.357921 0.00712231 0.901692
1.73225 0.32765 -1.98312 0.234112 -0.360708 -0.00171738 0.902824
1.86452 0.361927 -2.06755 0.224079 -0.362338 -0.0126477 0.904628
2.01433 0.373881 -2.13436 0.211789 -0.364575 -0.0234697 0.906473
2.15618 0.367507 -2.21877 0.197543 -0.364524 -0.0355619 0.909311
2.28141 0.410148 -2.32908 0.185083 -0.36115 -0.046212 0.912793
2.41459 0.395587 -2.4202 0.170007 -0.358223 -0.0581094 0.916193
2.05436 0.675556 -2.53398 0.178356 -0.325044 -0.0458994 0.927599
2.21079 0.636924 -2.58874 0.163106 -0.323114 -0.0576598 0.93042
2.16152 0.683159 -2.63687 0.157794 -0.309542 -0.0638929 0.935529
2.26505 0.667589 -2.71492 0.144782 -0.303804 -0.0757999 0.938621
2.42341 0.630094 -2.80551 0.130593 -0.299267 -0.086912 0.941193
2.50566 0.587475 -2.82216 0.116829 -0.296003 -0.0976186 0.942983
2.65746 0.510276 -2.88956 0.100299 -0.296726 -0.106789 0.943664
2.79997 0.45452 -2.96588 0.0857102 -0.293634 -0.115892 0.944994
2.94003 0.378893 -3.04196 0.0698856 -0.290857 -0.124788 0.946022
3.08347 0.33515 -3.13345 0.0586389 -0.288183 -0.132484 0.946558
3.216 0.290208 -3.22976 0.0470139 -0.284434 -0.135927 0.947852
3.35986 0.25493 -3.32642 0.0368995 -0.282563 -0.138074 0.948548
3.50216 0.237926 -3.42945 0.0316612 -0.281376 -0.140768 0.948694
3.62716 0.218561 -3.53819 0.0256828 -0.277973 -0.142117 0.949677
3.7522 0.19866 -3.64536 0.0208416 -0.276281 -0.143073 0.950146
3.87966 0.185824 -3.75251 0.0182937 -0.275386 -0.143389 0.95041
3.98652 0.147703 -3.83799 0.0159298 -0.275217 -0.143746 0.950448
4.01408 -0.0170332 -3.84955 0.0143526 -0.27662 -0.142267 0.950288
4.04242 -0.180383 -3.86063 0.0150452 -0.277359 -0.141916 0.950115
4.09502 -0.340247 -3.85912 0.0162834 -0.279926 -0.140857 0.949499
4.16499 -0.484827 -3.84494 0.0182495 -0.282422 -0.13985 0.948872
4.28361 -0.596551 -3.81625 0.0202712 -0.287047 -0.138012 0.947712
4.42729 -0.645141 -3.77651 0.0253881 -0.290977 -0.136968 0.94654
4.57375 -0.648122 -3.72346 0.0322365 -0.296356 -0.135685 0.944846
4.68426 -0.613871 -3.65463 0.0407654 -0.300782 -0.13236 0.943589
4.74636 -0.570338 -3.56412 0.0480441 -0.30495 -0.128128 0.942492
4.80377 -0.513146 -3.48211 0.0577052 -0.309531 -0.124841 0.940896
4.86536 -0.480334 -3.41923 0.0617158 -0.313663 -0.123908 0.939395
4.91284 -0.433608 -3.37414 0.0682384 -0.312313 -0.118881 0.940043
4.75858 -0.356429 -3.35735 0.0760328 -0.234971 -0.106417 0.963168
4.73906 -0.305178 -3.36558 0.0845384 -0.203479 -0.0984082 0.97045
4.6786 -0.258642 -3.37017 0.0934578 -0.169071 -0.0925028 0.976797
4.67151 -0.203726 -3.39021 0.111938 -0.152934 -0.0785999 0.97873
4.67106 -0.170442 -3.41482 0.124947 -0.153167 -0.0788241 0.977099
4.77396 -0.119089 -3.47618 0.141177 -0.159128 -0.0738718 0.974319
4.88048 -0.0768981 -3.54139 0.157924 -0.165024 -0.0679695 0.971192
4.99996 -0.0425807 -3.61083 0.173882 -0.171256 -0.0618955 0.967787
5.1175 -0.0178548 -3.68097 0.189908 -0.177062 -0.0558699 0.964089
5.25266 -0.00380028 -3.7492 0.203905 -0.187791 -0.051282 0.959444
3.928 0.593984 -3.71604 0.349904 -0.140743 0.443568 0.813025
4.00637 0.702809 -3.74036 0.364431 -0.139751 0.446544 0.805147
4.09658 0.808178 -3.76101 0.375186 -0.141186 0.445631 0.800449
4.17701 0.928943 -3.76534 0.390906 -0.142736 0.444624 0.793178
4.25587 1.04477 -3.77458 0.401809 -0.142817 0.445726 0.787073
4.33732 1.16119 -3.77488 0.412741 -0.146641 0.44373 0.781824
4.41549 1.27227 -3.78447 0.419314 -0.149061 0.441229 0.779279
4.48506 1.37161 -3.78566 0.426371 -0.150943 0.439755 0.775914
4.56015 1.47032 -3.78527 0.431103 -0.154916 0.435072 0.775156
4.63018 1.56075 -3.7874 0.433606 -0.158734 0.431324 0.775081
4.68459 1.64412 -3.79131 0.434551 -0.1605 0.430396 0.774705
4.73709 1.72551 -3.79347 0.433466 -0.161875 0.428773 0.775926
4.80576 1.80515 -3.79688 0.429416 -0.164783 0.426992 0.778544
4.87757 1.91576 -3.80175 0.424351 -0.168418 0.42455 0.781871
4.94942 2.02284 -3.80968 0.416815 -0.171479 0.42131 0.786996
5.00818 2.12685 -3.81616 0.40853 -0.174004 0.417657 0.792712
5.07335 2.22533 -3.82502 0.39724 -0.177367 0.413964 0.799612
5.12351 2.32135 -3.83436 0.384918 -0.179484 0.410095 0.807124
5.18404 2.4243 -3.83875 0.371971 -0.183316 0.404674 0.815031
5.22363 2.52182 -3.84919 0.357428 -0.184579 0.401062 0.823
5.28449 2.62296 -3.85525 0.340891 -0.18854 0.396069 0.831492
5.33789 2.72095 -3.85206 0.325613 -0.192203 0.389543 0.839819
5.39482 2.80701 -3.84691 0.307893 -0.196283 0.382895 0.848569
5.44364 2.89264 -3.85064 0.288979 -0.198753 0.377135 0.857183
5.49079 2.94677 -3.85051 0.268182 -0.200867 0.368434 0.867174
5.54516 2.98118 -3.8545 0.244131 -0.203819 0.361303 0.876539
5.5886 2.9978 -3.85793 0.218924 -0.205589 0.352183 0.88644
5.62926 3.02918 -3.86164 0.194217 -0.206125 0.344168 0.895179
5.67776 3.08344 -3.87049 0.170046 -0.205619 0.337983 0.902539
5.72486 3.13821 -3.87817 0.145712 -0.204343 0.333977 0.908556
5.76155 3.20267 -3.88635 0.122567 -0.201665 0.334157 0.912497
5.80635 3.27024 -3.89602 0.0992206 -0.199335 0.332267 0.916528
5.85005 3.33291 -3.90582 0.0752863 -0.195705 0.332732 0.919415
5.89311 3.395 -3.91465 0.0514641 -0.191677 0.332462 0.922
5.93228 3.45574 -3.92415 0.0287587 -0.186529 0.33515 0.92307
5.96935 3.50927 -3.93304 0.00469079 -0.180707 0.338107 0.923585
6.00596 3.5594 -3.94118 -0.0178947 -0.175067 0.342377 0.922937
6.0317 3.61266 -3.95163 -0.0389497 -0.167871 0.345722 0.922378
6.06728 3.67723 -3.95786 -0.0583934 -0.163923 0.349051 0.920808
6.10464 3.74413 -3.96407 -0.0786356 -0.158457 0.351255 0.919419
6.14067 3.81737 -3.9762 -0.0967506 -0.151655 0.357085 0.916589
6.18003 3.89826 -3.98839 -0.113993 -0.14504 0.363411 0.913185
6.22579 3.97838 -3.99608 -0.133815 -0.139036 0.371295 0.908244
6.27606 4.07395 -4.01401 -0.149797 -0.134768 0.376739 0.904142
6.32167 4.16894 -4.02816 -0.166565 -0.12796 0.378659 0.901391
6.36228 4.25529 -4.0439 -0.183372 -0.119166 0.383854 0.897127
6.41684 4.35746 -4.06059 -0.198462 -0.111953 0.391086 0.891705
6.47356 4.47699 -4.08727 -0.209973 -0.104541 0.394028 0.888668
6.53915 4.58798 -4.10843 -0.225391 -0.0982548 0.397774 0.883927
6.49966 4.91658 -4.10654 -0.279971 -0.149009 0.472984 0.822014
6.55457 5.05214 -4.13725 -0.291742 -0.1447 0.475192 0.817404
6.59354 5.1897 -4.17618 -0.299973 -0.137883 0.47997 0.812798
6.65296 5.32243 -4.21319 -0.307767 -0.133783 0.48612 0.806894
6.70899 5.47411 -4.25471 -0.315745 -0.127854 0.490699 0.801986
6.77951 5.62976 -4.29544 -0.323987 -0.125346 0.493864 0.797137
6.84272 5.79636 -4.34324 -0.330735 -0.121056 0.495853 0.793787
6.92204 5.96746 -4.39525 -0.33431 -0.120166 0.50171 0.788729
6.99523 6.14903 -4.4473 -0.338959 -0.118165 0.50394 0.785619
7.05776 6.33426 -4.50439 -0.342088 -0.113927 0.504375 0.784609
7.12183 6.52879 -4.55866 -0.344918 -0.109409 0.506005 0.782962
7.19625 6.74297 -4.62539 -0.343498 -0.107697 0.508228 0.782383
7.24965 6.94424 -4.68034 -0.34398 -0.101621 0.509296 0.782291
7.32309 7.16257 -4.73473 -0.344819 -0.0989285 0.510632 0.781394
7.39607 7.37423 -4.79084 -0.345891 -0.0953906 0.512193 0.780338
7.47569 7.60611 -4.85307 -0.343995 -0.0939665 0.514713 0.779691
7.5561 7.82961 -4.91309 -0.343825 -0.0911126 0.516126 0.77917
7.64343 8.05057 -4.97476 -0.345215 -0.0884493 0.516136 0.778855
7.7339 8.28099 -5.04995 -0.343088 -0.0861011 0.517208 0.779348
7.84107 8.52365 -5.13226 -0.3421 -0.0847672 0.51863 0.778983
7.95607 8.74427 -5.22158 -0.342644 -0.081628 0.519165 0.778723
8.08714 8.97436 -5.32792 -0.341947 -0.0802601 0.519575 0.778898
8.22097 9.19324 -5.44002 -0.341488 -0.0774029 0.521502 0.7781
8.36138 9.41014 -5.56163 -0.33984 -0.0758468 0.522336 0.778416
8.52443 9.60474 -5.66687 -0.340885 -0.0743502 0.523142 0.777562
8.65583 9.61524 -5.62265 -0.343546 -0.0739791 0.522556 0.77682
8.57598 9.42977 -5.45075 -0.341166 -0.0751713 0.522603 0.777722
8.49334 9.21882 -5.28933 -0.341304 -0.0762192 0.522564 0.777586
8.40624 9.00478 -5.14951 -0.340473 -0.0774799 0.522813 0.777658
8.31705 8.77371 -5.02287 -0.341227 -0.0779793 0.521881 0.777903
8.22268 8.53544 -4.9145 -0.341639 -0.0766301 0.522474 0.777459
8.14637 8.29089 -4.81988 -0.342153 -0.0773852 0.522403 0.777206
8.06894 8.03624 -4.73068 -0.344615 -0.0766063 0.522699 0.775995
7.99164 7.78899 -4.65795 -0.345563 -0.0760904 0.522819 0.775543
7.91256 7.53851 -4.58531 -0.34741 -0.0738812 0.520966 0.776179
7.83105 7.28163 -4.51727 -0.349847 -0.0717969 0.519406 0.776325
7.75188 7.02171 -4.45565 -0.351598 -0.0707477 0.517854 0.776667
7.67477 6.75999 -4.39124 -0.353518 -0.0676108 0.516811 0.77677
7.61652 6.49932 -4.3218 -0.358142 -0.0681064 0.5162 0.775013
7.52179 6.2623 -4.26572 -0.360871 -0.0652961 0.510233 0.777935
7.44302 6.01568 -4.20721 -0.363333 -0.0642539 0.50675 0.779152
7.3575 5.77709 -4.14851 -0.366742 -0.062042 0.503475 0.779856
7.27286 5.5175 -4.08594 -0.371518 -0.0579069 0.50134 0.779288
7.19184 5.26829 -4.02324 -0.377165 -0.0551486 0.499039 0.778253
7.10318 5.0312 -3.96687 -0.381266 -0.0525862 0.497553 0.777383
7.01205 4.76902 -3.91016 -0.385569 -0.0475391 0.495594 0.776837
6.92038 4.50973 -3.84976 -0.390702 -0.0424391 0.492965 0.77624
6.81266 4.25126 -3.79131 -0.394735 -0.033081 0.489408 0.776905
6.72771 3.99762 -3.72558 -0.403533 -0.028509 0.485152 0.775235
6.64017 3.75989 -3.67052 -0.406265 -0.0216862 0.485956 0.773523
6.56862 3.50276 -3.60305 -0.411881 -0.0164882 0.485016 0.771268
6.48928 3.25222 -3.53484 -0.419018 -0.0127384 0.481781 0.769521
6.09837 2.95123 -3.3914 -0.44679 0.11971 0.322405 0.825903
5.85897 2.85223 -3.32137 -0.448465 0.1365 0.275489 0.839264
5.62447 2.74009 -3.24297 -0.452474 0.146122 0.249455 0.843623
5.38148 2.60699 -3.16275 -0.453357 0.152689 0.238817 0.845063
5.16985 2.46455 -3.08468 -0.454222 0.153535 0.235357 0.845416
4.96531 2.3027 -2.99892 -0.455009 0.156339 0.234526 0.844709
4.79619 2.13481 -2.91318 -0.457646 0.156071 0.236243 0.842854
4.59312 1.97348 -2.83089 -0.454901 0.158518 0.233821 0.844557
4.01524 2.16594 -2.75863 -0.482316 0.187381 0.0522391 0.854132
3.97878 2.17419 -2.72773 -0.482801 0.187127 0.0414322 0.854506
3.74348 2.20232 -2.67933 -0.482471 0.206466 -0.00638641 0.851212
3.47767 2.19497 -2.62281 -0.479385 0.206642 -0.00998575 0.852877
3.22105 2.1959 -2.56129 -0.474748 0.210801 -0.00842804 0.854468
2.98324 2.20911 -2.4902 -0.472841 0.218207 -0.0169376 0.853539
2.74661 2.21102 -2.42655 -0.468142 0.216587 -0.015949 0.856556
2.50647 2.20609 -2.35802 -0.462071 0.215031 -0.0101495 0.860324
2.27282 2.20538 -2.29277 -0.453694 0.211972 -0.00236933 0.865583
1.91365 2.69155 -2.37426 -0.41753 0.229645 -0.330316 0.814759
1.94795 2.903 -2.46674 -0.321026 0.115589 -0.61443 0.711383
1.98667 3.00387 -2.48032 -0.28722 0.104944 -0.687891 0.658265
2.02276 2.70962 -2.33297 -0.405714 -0.0442628 -0.700973 0.584881
2.02044 2.81929 -2.47498 -0.417538 -0.0834662 -0.722028 0.545328
2.02079 2.91945 -2.63842 -0.425486 -0.103843 -0.711831 0.549079
2.02225 2.95413 -2.78712 -0.432098 -0.11947 -0.684626 0.574729
2.00128 3.01826 -2.94297 -0.436226 -0.125938 -0.680645 0.574958
1.96799 3.13439 -3.11223 -0.439453 -0.130047 -0.67788 0.574852
1.94169 3.27928 -3.28973 -0.441839 -0.134568 -0.673924 0.576631
1.91809 3.41619 -3.46252 -0.444275 -0.139095 -0.669046 0.579358
1.89602 3.55711 -3.62884 -0.447509 -0.144021 -0.663355 0.582202
1.87858 3.71814 -3.80311 -0.447395 -0.147261 -0.660151 0.585114
1.8615 3.87219 -3.96719 -0.44687 -0.149826 -0.656586 0.588864
1.82828 4.05752 -4.12326 -0.447992 -0.150004 -0.654335 0.590469
1.8126 4.24766 -4.26512 -0.448419 -0.152125 -0.651763 0.592444
1.79935 4.44616 -4.40364 -0.446069 -0.153982 -0.651177 0.594379
1.77158 4.65041 -4.51221 -0.446901 -0.154804 -0.65047 0.594316
1.74688 4.83687 -4.60223 -0.447749 -0.157072 -0.64948 0.594165
1.71178 5.03822 -4.67853 -0.449054 -0.156987 -0.64888 0.593858
1.69506 5.22558 -4.73825 -0.448571 -0.160136 -0.648505 0.59379
1.66876 5.42218 -4.79385 -0.447612 -0.161086 -0.64934 0.593344
1.64009 5.60866 -4.8294 -0.447295 -0.161857 -0.650233 0.592393
1.60774 5.79066 -4.86016 -0.447395 -0.161895 -0.651732 0.590658
1.59354 5.97302 -4.90104 -0.444772 -0.163407 -0.654409 0.589261
1.57654 6.15331 -4.93276 -0.442055 -0.163842 -0.65697 0.588334
1.54938 6.31956 -4.97074 -0.440056 -0.162677 -0.659488 0.58734
1.53439 6.48864 -5.00275 -0.437203 -0.161431 -0.66244 0.586492
1.51745 6.64146 -5.04197 -0.433993 -0.159879 -0.665267 0.586102
1.48665 6.8084 -5.05241 -0.432667 -0.1561 -0.667224 0.585876
1.47769 6.96138 -5.07207 -0.429293 -0.15388 -0.66992 0.58587
1.46084 7.10298 -5.07754 -0.426609 -0.152199 -0.672725 0.585055
1.43691 7.24552 -5.09132 -0.424154 -0.148961 -0.675159 0.584869
1.41096 7.36941 -5.06973 -0.424778 -0.144933 -0.675402 0.585148
1.39463 7.48496 -5.04925 -0.424041 -0.142761 -0.676629 0.5848
1.37667 7.59331 -5.00468 -0.425629 -0.140064 -0.675901 0.585141
1.35111 7.689 -4.98766 -0.425529 -0.13737 -0.676488 0.585174
1.33772 7.79756 -4.97126 -0.424515 -0.135137 -0.677184 0.585626
1.32671 7.89566 -4.95164 -0.423764 -0.132946 -0.677373 0.586453
1.30517 7.97543 -4.92132 -0.424392 -0.131042 -0.676884 0.586991
1.31647 8.0631 -4.9184 -0.422012 -0.130936 -0.677011 0.588583
1.28206 8.14466 -4.89109 -0.423631 -0.127667 -0.67596 0.589346
1.27263 8.22343 -4.88707 -0.422745 -0.126719 -0.675352 0.590883
1.28177 8.29485 -4.87742 -0.421764 -0.126828 -0.674491 0.592542
1.25564 8.3617 -4.86879 -0.423308 -0.125263 -0.672917 0.593562
1.23363 8.42556 -4.85238 -0.425413 -0.123962 -0.670682 0.594858
1.23387 8.48906 -4.8753 -0.424654 -0.124528 -0.669275 0.596864
1.2334 8.52717 -4.84055 -0.428485 -0.126182 -0.664782 0.598796
1.20648 8.57463 -4.83438 -0.432732 -0.125997 -0.660976 0.599994
1.20529 8.6257 -4.8503 -0.434525 -0.128089 -0.658118 0.601396
1.20725 8.65321 -4.85907 -0.438455 -0.132628 -0.653215 0.602904
1.22588 8.67078 -4.88635 -0.441099 -0.138175 -0.64864 0.604665
1.2161 8.69154 -4.86555 -0.448296 -0.143205 -0.642031 0.605256
1.21689 8.71425 -4.85616 -0.455024 -0.148937 -0.635653 0.605584
1.21271 8.72497 -4.86091 -0.461842 -0.155393 -0.628675 0.606085
1.20116 8.75164 -4.87554 -0.468685 -0.160995 -0.621767 0.606495
1.18752 8.77257 -4.88672 -0.476558 -0.166988 -0.614324 0.606325
1.17178 8.78953 -4.9158 -0.484326 -0.173021 -0.606868 0.605986
1.15417 8.82444 -4.90112 -0.494247 -0.179718 -0.598282 0.604562
1.14815 8.85802 -4.89248 -0.503213 -0.186568 -0.589314 0.603899
1.15966 8.89505 -4.88973 -0.511558 -0.194587 -0.580072 0.603306
1.1554 8.94055 -4.88672 -0.52006 -0.2014 -0.571395 0.602079
1.16787 8.97945 -4.90007 -0.52699 -0.209355 -0.562978 0.601269
1.16116 9.03502 -4.88768 -0.535551 -0.215016 -0.554694 0.599405
1.13811 9.09958 -4.90256 -0.542651 -0.218911 -0.548482 0.597322
1.13227 9.16409 -4.93553 -0.547221 -0.223214 -0.543185 0.5964
1.14439 9.21848 -4.92777 -0.553147 -0.227484 -0.536427 0.595436
1.13353 9.30719 -4.92298 -0.558786 -0.229538 -0.532052 0.593303
1.14269 9.39219 -4.89561 -0.56463 -0.230964 -0.527056 0.591672
1.11891 9.48979 -4.87889 -0.569387 -0.229249 -0.525027 0.589583
1.13251 9.58008 -4.86368 -0.572196 -0.227735 -0.523384 0.588911
1.11028 9.67534 -4.81318 -0.576641 -0.223705 -0.523019 0.586438
1.08665 9.78231 -4.7961 -0.578602 -0.217618 -0.525681 0.584415
1.0784 9.90124 -4.76231 -0.579828 -0.210234 -0.529197 0.582728
1.04053 10.0359 -4.71596 -0.580956 -0.199448 -0.535048 0.580048
1.01647 10.1671 -4.68526 -0.579916 -0.187952 -0.542191 0.578292
0.985796 10.2978 -4.61544 -0.580267 -0.174253 -0.54894 0.575859
0.956008 10.4463 -4.52702 -0.580506 -0.159611 -0.556338 0.572755
0.923174 10.6189 -4.47229 -0.577477 -0.143599 -0.56648 0.570109
0.906452 10.7699 -4.36379 -0.576105 -0.128018 -0.57425 0.567429
0.874456 10.9403 -4.27769 -0.572622 -0.112119 -0.58436 0.563988
0.845623 11.0976 -4.18843 -0.568445 -0.0969731 -0.594018 0.560925
0.811752 11.2588 -4.0771 -0.565326 -0.0821818 -0.603408 0.556399
0.789733 11.4137 -3.96383 -0.560621 -0.0682941 -0.612069 0.553571
0.749566 11.5921 -3.84633 -0.555784 -0.0529622 -0.621393 0.549727
0.712476 11.7753 -3.70468 -0.55115 -0.038079 -0.630186 0.545601
0.676706 11.95 -3.57695 -0.545782 -0.0241355 -0.638921 0.54162
0.649139 12.0999 -3.44033 -0.541332 -0.0124464 -0.646069 0.537991
0.612044 12.2519 -3.28525 -0.538936 -0.000668851 -0.651955 0.53342
0.609284 12.3735 -3.15814 -0.534377 0.00539103 -0.657752 0.530859
0.580326 12.5118 -2.99903 -0.532598 0.0131573 -0.662246 0.52691
0.576242 12.6322 -2.87793 -0.528911 0.0153479 -0.666875 0.524723
0.579379 12.7424 -2.73752 -0.527933 0.0156544 -0.668715 0.523356
0.563463 12.8762 -2.62155 -0.526281 0.0144779 -0.671587 0.521372
0.544616 13.0295 -2.53285 -0.52477 0.0122852 -0.674783 0.518823
0.5263 13.1726 -2.40835 -0.527432 0.00787624 -0.674004 0.51722
0.509531 13.3289 -2.32459 -0.528882 0.000135178 -0.67351 0.516443
0.484133 13.4981 -2.26208 -0.530247 -0.00924658 -0.672863 0.515805
0.491241 13.5184 -2.37765 -0.516837 -0.0130114 -0.671172 0.531305
0.45417 13.7079 -2.31366 -0.521401 -0.024761 -0.668872 0.529326
0.450209 13.7999 -2.38647 -0.514014 -0.0281007 -0.664692 0.541508
0.508687 13.769 -2.56202 -0.499177 -0.0385315 -0.65687 0.563831
0.506504 13.9761 -2.51634 -0.504466 -0.0551808 -0.651934 0.563472
0.504907 14.1779 -2.4664 -0.512138 -0.0746449 -0.644848 0.562464
0.537389 14.3661 -2.44114 -0.518505 -0.0973208 -0.635943 0.563301
0.513837 14.5977 -2.40381 -0.527362 -0.11581 -0.628534 0.559886
0.546429 14.7929 -2.36153 -0.536054 -0.139401 -0.616886 0.55921
0.550891 14.9919 -2.32367 -0.54515 -0.162497 -0.60514 0.557011
0.591881 15.1808 -2.31223 -0.552062 -0.187339 -0.591914 0.556615
0.600718 15.3913 -2.26094 -0.562427 -0.210341 -0.577589 0.55306
0.624458 15.5896 -2.18238 -0.57392 -0.23524 -0.560187 0.549107
0.671832 15.7695 -2.16038 -0.580825 -0.261034 -0.542827 0.547624
0.666092 15.9622 -2.12786 -0.58979 -0.283718 -0.526175 0.542995
0.713179 16.1321 -2.09958 -0.596616 -0.309095 -0.506519 0.54037
0.736738 16.3248 -2.06366 -0.604668 -0.332327 -0.486595 0.53592
0.772199 16.5234 -2.05978 -0.609994 -0.355353 -0.466974 0.532556
0.787255 16.7032 -2.04704 -0.616042 -0.377345 -0.446645 0.527884
0.772838 16.888 -2.02164 -0.62372 -0.397276 -0.42622 0.521088
0.777339 17.0747 -2.01742 -0.629638 -0.416351 -0.405347 0.515705
0.794955 17.2505 -2.00389 -0.635113 -0.436117 -0.383037 0.509673
0.784019 17.4401 -1.99987 -0.641044 -0.45302 -0.361781 0.502989
0.765465 17.6207 -2.02153 0.644734 0.469682 0.342914 -0.496159
0.7717 17.7994 -2.01722 0.64838 0.486534 0.321768 -0.489286
0.803154 17.975 -2.00505 0.651632 0.502635 0.298736 -0.483258
0.782275 18.136 -2.00294 0.655131 0.51545 0.279305 -0.476605
0.794493 18.3106 -2.04113 0.656466 0.52703 0.259978 -0.473025
0.815178 18.5089 -2.05637 0.658028 0.538472 0.240365 -0.468319
0.826236 18.6672 -2.11665 0.657157 0.547036 0.223855 -0.467799
0.817311 18.8284 -2.12098 0.658873 0.555227 0.206559 -0.463675
0.82432 19.0418 -2.10755 0.661454 0.562764 0.189233 -0.458279
0.837396 19.2022 -2.102 0.662479 0.568751 0.173654 -0.455566
0.827708 19.3869 -2.09376 0.664436 0.573849 0.159913 -0.451335
0.826205 19.5643 -2.08851 0.665418 0.578251 0.147529 -0.448481
0.836607 19.7359 -2.08631 0.665227 0.58244 0.137254 -0.446603
0.819255 19.8989 -2.07107 0.665929 0.585191 0.129876 -0.444159
0.813867 20.0549 -2.05493 0.665887 0.587994 0.122824 -0.442524
0.814075 20.2109 -2.02953 0.665895 0.590765 0.116989 -0.440398
0.782909 20.3688 -2.0097 0.666939 0.59199 0.114314 -0.43787
0.75959 20.5349 -1.99807 0.667531 0.592516 0.111982 -0.436859
0.765 20.6957 -1.98386 0.666471 0.593689 0.109328 -0.437556
0.755781 20.8587 -1.96637 0.665845 0.594374 0.107709 -0.437982
0.739819 21.0371 -1.96488 0.664872 0.594972 0.106821 -0.438865
0.719069 21.2127 -1.94481 0.664133 0.595779 0.106955 -0.438857
0.70873 21.3977 -1.94102 0.662941 0.596385 0.107024 -0.43982
0.687853 21.5821 -1.93404 0.661396 0.597388 0.107451 -0.44068
0.662546 21.7673 -1.92808 0.659458 0.599292 0.108543 -0.440731
0.653442 21.954 -1.91636 0.655974 0.602767 0.107462 -0.441457
0.627829 22.1342 -1.91047 0.653477 0.604962 0.107984 -0.442032
0.611569 22.3179 -1.90496 0.650935 0.606982 0.106532 -0.443363
0.589025 22.5009 -1.89063 0.64795 0.610351 0.105723 -0.443304
0.572502 22.6843 -1.88574 0.644525 0.613863 0.103311 -0.444018
0.547684 22.8732 -1.88446 0.640776 0.618362 0.100928 -0.443751
0.529426 23.0678 -1.87457 0.636566 0.62432 0.0978507 -0.442156
0.550026 23.274 -1.84135 0.631259 0.632292 0.0915949 -0.439775
0.682894 23.5053 -1.69944 0.626348 0.641045 0.0753918 -0.437195
0.65652 23.6971 -1.67921 0.621354 0.648952 0.0696351 -0.433595
0.651772 23.8964 -1.66979 0.616221 0.656142 0.0619088 -0.431264
0.652789 24.1033 -1.60684 0.610489 0.666093 0.0526646 -0.425348
0.653161 24.2909 -1.55972 0.605549 0.673949 0.0439596 -0.421001
0.643247 24.4992 -1.52567 0.599976 0.68279 0.0344664 -0.415582
0.636452 24.7052 -1.47491 0.594175 0.691898 0.0248602 -0.409492
0.632311 24.9177 -1.43314 0.588563 0.700475 0.015035 -0.40345
0.638899 25.1252 -1.39487 0.582745 0.708513 0.00533055 -0.398067
0.643709 25.3697 -1.36066 0.576964 0.716861 -0.00537017 -0.391487
0.619405 25.5764 -1.34023 0.572048 0.723906 -0.0125623 -0.385526
0.612558 25.8146 -1.30442 0.567464 0.730718 -0.021426 -0.379004
0.621892 26.0453 -1.2606 0.564438 0.736335 -0.0283015 -0.372138
0.611903 26.2863 -1.21071 0.561967 0.741994 -0.0339217 -0.36408
0.617131 26.5192 -1.16973 0.559729 0.746062 -0.0398768 -0.358569
0.614582 26.7407 -1.13203 0.557981 0.749198 -0.0446628 -0.354164
0.574044 26.9304 -1.06569 0.557937 0.75161 -0.0454514 -0.348988
0.558774 27.1679 -1.0047 0.557753 0.7532 -0.0490943 -0.34534
0.561032 27.3842 -0.918647 0.558381 0.753105 -0.0512023 -0.344225
0.553225 27.5579 -0.831096 0.562362 0.751148 -0.0467304 -0.342654
0.584384 27.764 -0.736614 0.566791 0.747651 -0.0439542 -0.343372
0.599122 27.9596 -0.622134 0.573171 0.743132 -0.0388493 -0.343206
0.616303 28.1303 -0.513942 0.580054 0.737516 -0.0318885 -0.344471
0.643522 28.2466 -0.403974 0.587453 0.730354 -0.0222424 -0.347932
0.733149 28.3991 -0.310312 0.592935 0.723518 -0.0171137 -0.353169
0.726776 28.5157 -0.170615 0.602612 0.715429 -0.00534698 -0.353647
0.810404 28.6202 -0.0630159 0.60959 0.706503 0.00291526 -0.359612
0.889003 28.7536 0.0538119 0.617737 0.69683 0.00966537 -0.364436
0.924665 28.8662 0.195074 0.626998 0.686999 0.0196476 -0.366878
0.932514 28.9217 0.315369 0.636698 0.675667 0.0340882 -0.370143
0.999433 28.9789 0.41651 0.644294 0.664169 0.0451124 -0.37658
1.03016 29.0552 0.547057 0.653216 0.652694 0.0563632 -0.379754
1.07655 29.0759 0.637223 0.660825 0.640027 0.0694093 -0.385937
1.16431 29.1328 0.723402 0.667679 0.627997 0.0772375 -0.39236
1.15282 29.1881 0.847872 0.67602 0.616859 0.0901066 -0.393001
1.10218 29.2221 0.955601 0.684006 0.605399 0.105333 -0.393216
1.12259 29.2796 1.03598 0.690042 0.595313 0.114686 -0.395445
1.13996 29.3132 1.12473 0.695007 0.586163 0.12333 -0.397811
1.08927 29.3522 1.21304 0.700815 0.577452 0.134959 -0.396583
1.08872 29.3944 1.27578 0.701944 0.574258 0.144045 -0.396027
1.04708 29.3873 1.32212 0.702668 0.570326 0.156058 -0.395874
1.0568 29.3714 1.32169 0.701642 0.566965 0.164451 -0.399113
1.10008 29.4149 1.36164 0.702379 0.565087 0.166654 -0.399566
1.11811 29.4228 1.37744 0.701952 0.563624 0.17036 -0.400817
1.09241 29.4085 1.38556 0.702292 0.561249 0.176412 -0.400936
1.08273 29.4108 1.3831 0.702548 0.559997 0.1798 -0.400734
1.08547 29.4009 1.38447 0.702484 0.5589 0.181977 -0.401396
1.09268 29.3954 1.38602 0.702046 0.558552 0.183191 -0.402093
1.10926 29.395 1.37825 0.701112 0.558783 0.183237 -0.403379
1.12248 29.407 1.37615 0.701028 0.558712 0.182434 -0.403987
1.09125 29.3949 1.37662 0.701153 0.558009 0.18475 -0.40369
1.1215 29.4095 1.3797 0.700593 0.558852 0.182107 -0.404697
1.10675 29.4019 1.3848 0.700267 0.558912 0.182597 -0.404959
1.12238 29.4177 1.38518 0.70005 0.559414 0.180182 -0.405721
1.12236 29.4193 1.39548 0.700083 0.559475 0.179023 -0.406092
1.12035 29.4316 1.4058 0.699907 0.56024 0.177439 -0.406037
1.08836 29.397 1.4023 0.699032 0.559857 0.179505 -0.407163
1.09941 29.4003 1.38559 0.698417 0.560007 0.177584 -0.408852
1.09853 29.4149 1.4016 0.698188 0.560826 0.175573 -0.40899
1.11611 29.4236 1.39957 0.697083 0.561891 0.173294 -0.410384
1.11459 29.431 1.40612 0.696755 0.562421 0.172047 -0.41074
1.07321 29.4158 1.41274 0.696353 0.56251 0.174281 -0.410357
1.08978 29.4229 1.41416 0.695432 0.563254 0.172048 -0.41184
1.07229 29.438 1.42445 0.695402 0.563605 0.171483 -0.411645
1.07723 29.4371 1.42844 0.694458 0.564 0.170381 -0.413153
1.04993 29.4191 1.43074 0.693693 0.563422 0.171743 -0.414658
1.04095 29.4355 1.45409 0.693487 0.563829 0.170535 -0.41495
1.04868 29.4724 1.48442 0.693412 0.564772 0.167568 -0.415003
1.07006 29.4945 1.48404 0.69217 0.565663 0.16489 -0.416931
1.06614 29.5212 1.51552 0.691517 0.566924 0.163096 -0.417009
1.06462 29.5526 1.54602 0.690717 0.568449 0.160882 -0.41712
1.04385 29.5668 1.56444 0.689661 0.569476 0.160756 -0.417515
1.05399 29.6051 1.59652 0.688329 0.57146 0.157663 -0.418181
1.04675 29.6423 1.64659 0.687222 0.573873 0.155301 -0.417582
1.02437 29.658 1.65843 0.684943 0.575674 0.155054 -0.418936
1.025 29.6901 1.68714 0.682603 0.578453 0.152711 -0.419788
0.987476 29.7229 1.74712 0.681026 0.581522 0.152322 -0.41825
0.973235 29.7529 1.77484 0.677972 0.584936 0.150547 -0.419093
0.970026 29.7892 1.80766 0.674576 0.588989 0.147705 -0.419909
0.958896 29.8302 1.85589 0.670724 0.593926 0.144704 -0.420173
0.91851 29.8649 1.90832 0.667275 0.598827 0.143635 -0.419078
0.905972 29.9231 1.94143 0.662818 0.604593 0.139897 -0.419137
0.862902 29.9552 1.98019 0.658018 0.610527 0.138768 -0.418475
0.77303 30.0106 2.05604 0.655234 0.61681 0.13858 -0.413667
0.717496 30.0362 2.08365 0.650385 0.622668 0.137624 -0.412864
0.602249 30.0953 2.14559 0.647144 0.629761 0.13782 -0.407095
0.490655 30.1449 2.18881 0.643711 0.636353 0.137816 -0.402263
0.458805 30.2396 2.21519 0.638659 0.644837 0.130616 -0.39918
0.353623 30.3024 2.24789 0.635021 0.652138 0.128825 -0.393667
0.37198 30.4513 2.27056 0.629203 0.662451 0.114715 -0.39014
0.247802 30.5296 2.28481 0.626072 0.67016 0.111808 -0.382786
0.16124 30.6072 2.28667 0.621534 0.678431 0.105973 -0.377228
0.0979709 30.6936 2.28092 0.616558 0.687131 0.0976048 -0.371868
0.0364995 30.8063 2.25603 0.611968 0.696093 0.0868725 -0.365386
-0.0675409 30.9332 2.25149 0.60858 0.705515 0.0770786 -0.355025
-0.129668 31.0731 2.23749 0.604235 0.715242 0.0632552 -0.345588
-0.181243 31.2053 2.21139 0.600266 0.723661 0.048458 -0.337269
-0.255429 31.3275 2.1815 0.596334 0.732501 0.0341985 -0.326743
-0.298628 31.4492 2.12639 0.592103 0.740319 0.0171542 -0.31804
-0.359245 31.6363 2.112 0.589543 0.748392 -0.00405374 -0.30403
-0.409036 31.7936 2.07389 0.586189 0.755339 -0.024954 -0.292102
-0.479703 31.9669 2.02849 0.583439 0.762012 -0.0464376 -0.277275
-0.50657 32.1309 1.97492 0.578846 0.768025 -0.0699166 -0.265121
-0.550016 32.3019 1.93753 0.575523 0.773075 -0.0919377 -0.250553
-0.592279 32.4679 1.88947 0.573074 0.77694 -0.112749 -0.235245
-0.595359 32.6753 1.85272 0.570951 0.779691 -0.135442 -0.218755
-0.537159 32.8693 1.82307 0.565351 0.782812 -0.160194 -0.204996
-0.499876 33.0727 1.8153 0.561554 0.784318 -0.183116 -0.189931
-0.491084 33.2616 1.8175 0.559941 0.783796 -0.203586 -0.175463
-0.467485 33.4747 1.80859 0.555658 0.783395 -0.226621 -0.162127
-0.47936 33.6789 1.81087 0.554384 0.781341 -0.246107 -0.147317
-0.486843 33.887 1.80288 0.552598 0.778854 -0.265168 -0.133472
-0.495914 34.1008 1.79674 0.551027 0.775776 -0.283289 -0.119985
-0.499817 34.3172 1.78565 0.552642 0.769988 -0.300655 -0.106862
-0.502545 34.5433 1.74968 0.554312 0.763545 -0.317768 -0.0941803
-0.514512 34.7668 1.71866 0.556636 0.757479 -0.331282 -0.082136
-0.520431 35.0007 1.67137 0.558283 0.75181 -0.343527 -0.0721295
-0.509457 35.2273 1.60428 0.559118 0.746976 -0.35387 -0.0656017
-0.497192 35.451 1.5498 0.560418 0.743341 -0.36021 -0.0611423
-0.50768 35.6639 1.47985 0.568201 0.737209 -0.361915 -0.0529365
-0.47424 35.8873 1.39704 0.575243 0.73142 -0.363218 -0.048065
-0.444392 36.1345 1.31251 0.583485 0.725142 -0.363329 -0.0426994
-0.463214 36.3577 1.2159 0.595625 0.718813 -0.35677 -0.0370689
-0.413296 36.6223 1.1275 0.605912 0.711551 -0.35426 -0.0344382
-0.346487 36.8901 1.02894 0.616824 0.703414 -0.351715 -0.0340122
-0.274038 37.1191 0.931561 0.630512 0.695333 -0.342821 -0.0395702
-0.208136 37.3878 0.808791 0.643119 0.6863 -0.337068 -0.0436302
-0.169643 37.6203 0.699826 0.655846 0.680768 -0.322523 -0.0502974
-0.149281 37.8005 0.637428 0.665103 0.674875 -0.31567 -0.0516296
-0.137289 37.5501 0.827684 0.678639 0.667262 -0.300467 -0.0637518
-0.129243 37.3555 0.99586 0.692086 0.657395 -0.288987 -0.0739252
-0.105987 37.1807 1.14815 0.704131 0.646606 -0.281135 -0.0848008
-0.18099 37.0324 1.31133 0.711936 0.644149 -0.265492 -0.0886464
-0.149215 36.8421 1.50153 0.722744 0.634521 -0.252745 -0.106145
-0.147902 36.6342 1.67636 0.732107 0.626489 -0.237922 -0.122665
-0.183063 36.4371 1.84634 0.738168 0.622295 -0.222083 -0.136592
-0.183315 36.2602 2.01396 0.745219 0.614292 -0.210803 -0.151579
-0.186979 36.0734 2.15989 0.749032 0.608961 -0.199759 -0.168327
-0.186581 35.8889 2.32524 0.752346 0.604798 -0.185655 -0.183976
-0.187555 35.7168 2.48109 0.748679 0.610738 -0.165807 -0.197755
-0.161375 35.5251 2.64601 0.745425 0.614525 -0.146018 -0.213307
-0.161072 35.3482 2.80379 0.742019 0.6186 -0.125751 -0.225945
-0.155874 35.1614 2.97581 0.738274 0.622094 -0.104654 -0.238999
-0.128765 34.9669 3.13671 0.735437 0.623084 -0.0849467 -0.252597
-0.141569 34.7868 3.30989 0.732987 0.624238 -0.0636173 -0.262931
-0.145482 34.6095 3.46652 0.730665 0.624258 -0.0434184 -0.273261
-0.0818761 34.4318 3.60823 0.726253 0.624225 -0.0281209 -0.286767
-0.0705869 34.2918 3.7895 0.72426 0.623476 -0.0107852 -0.294512
-0.0277399 34.1115 3.94731 0.721522 0.621366 0.00585325 -0.305623
0.0771681 33.9642 4.07129 0.717641 0.619338 0.0169568 -0.318207
0.113918 33.7854 4.23818 0.714764 0.616752 0.0338666 -0.328198
0.145397 33.6298 4.41906 0.713362 0.613636 0.0492594 -0.335072
0.189555 33.5038 4.59954 0.712056 0.610692 0.0625235 -0.340965
0.21534 33.4843 4.70743 0.712885 0.608949 0.070816 -0.340729
0.26186 33.5114 4.83541 0.713776 0.608138 0.0766361 -0.339044
0.279794 33.407 5.0153 0.713735 0.604675 0.0906743 -0.341852
0.297225 33.3954 5.12902 0.717611 0.601116 0.0984644 -0.337835
0.319156 33.2715 5.31626 0.718859 0.596096 0.113392 -0.339393
0.324576 33.2568 5.44239 0.722311 0.592814 0.123142 -0.334374
0.352073 33.3654 5.5375 0.726385 0.593634 0.125357 -0.323079
0.339765 33.421 5.65623 0.732908 0.591368 0.129725 -0.310532
0.331537 33.4568 5.76066 0.738635 0.587794 0.13813 -0.299944
0.466749 33.4601 5.80025 0.736102 0.590387 0.139556 -0.300419
0.510787 33.3785 6.00007 0.737929 0.587038 0.153169 -0.295831
0.593591 33.4047 5.96649 0.734875 0.591787 0.154728 -0.29315
0.645023 33.3123 6.1494 0.73673 0.587692 0.169225 -0.288687
0.711202 33.3362 6.15735 0.737745 0.587336 0.173757 -0.284089
0.704773 33.3595 6.18508 0.743926 0.581769 0.182411 -0.273813
0.823786 33.3214 6.31345 0.747199 0.576001 0.179 -0.279291
0.881312 33.2484 6.47875 0.750242 0.569338 0.193917 -0.274798
0.876775 33.2772 6.48657 0.756479 0.561153 0.20443 -0.266797
0.907826 33.2068 6.65455 0.760735 0.552023 0.220796 -0.260628
0.915834 33.1373 6.84647 0.766003 0.541121 0.237285 -0.253471
0.9716 33.0514 7.04727 0.768752 0.532739 0.250891 -0.249771
0.977414 33.0409 6.99691 0.768473 0.528294 0.264656 -0.245837
0.993436 32.9987 6.91632 0.765334 0.523402 0.282688 -0.24602
0.84782 33.1523 7.14532 0.800267 0.480079 0.263666 -0.244327
0.810684 33.1111 6.99568 0.80339 0.444471 0.274529 -0.285939
0.78335 33.0948 6.91053 0.803141 0.433205 0.292191 -0.286426
0.785122 33.1003 6.89292 0.804837 0.424894 0.298654 -0.287447
0.766381 33.1005 6.80496 0.80532 0.413267 0.308812 -0.292272
0.818455 33.0389 6.65877 0.796715 0.400613 0.319345 -0.32077
0.872405 33.03 6.65359 0.79628 0.394013 0.320162 -0.329103
0.870032 33.0451 6.67851 0.796736 0.389259 0.3342 -0.319562
0.947795 32.9653 6.8257 0.796328 0.375706 0.345846 -0.324374
1.04646 32.8628 7.02047 0.795677 0.366007 0.354346 -0.327869
1.08346 32.8125 7.21941 0.798563 0.348056 0.36774 -0.325642
1.20206 32.6925 7.4325 0.79686 0.340385 0.374079 -0.330663
1.29681 32.6259 7.68146 0.798505 0.328595 0.380687 -0.331079
1.39728 32.5217 7.87411 0.795359 0.318322 0.390693 -0.33698
1.51461 32.4038 8.10336 0.793407 0.309535 0.396449 -0.342993
1.63146 32.2791 8.32732 0.790317 0.301522 0.403119 -0.349431
1.72034 32.1509 8.56212 0.787712 0.292584 0.410764 -0.353978
1.80145 32.0111 8.77748 0.784175 0.284107 0.419178 -0.358839
1.90376 31.8482 8.9803 0.77902 0.278833 0.426041 -0.366053
1.98354 31.7136 9.2186 0.776733 0.273344 0.43156 -0.368581
2.08197 31.5656 9.4521 0.774503 0.26951 0.434686 -0.372403
2.18246 31.4283 9.68705 0.772768 0.266635 0.437284 -0.375026
2.2673 31.2978 9.92658 0.771651 0.265096 0.439804 -0.37547
2.3784 31.1582 10.1789 0.771552 0.266053 0.438906 -0.376048
2.48932 31.0245 10.428 0.772008 0.267981 0.437238 -0.375685
2.60029 30.8984 10.6751 0.772753 0.271666 0.435202 -0.373867
2.75096 30.7759 10.9434 0.775124 0.277505 0.428538 -0.372365
2.87695 30.6555 11.1587 0.776068 0.282843 0.42491 -0.370535
3.00862 30.5391 11.3846 0.777153 0.290367 0.420167 -0.367839
3.15639 30.439 11.6141 0.779353 0.298754 0.412948 -0.364629
3.27971 30.3338 11.8522 0.781834 0.307064 0.406688 -0.359413
3.37706 30.2059 12.0192 0.78139 0.314996 0.403907 -0.356641
3.49931 30.1032 12.2378 0.783677 0.324475 0.396557 -0.351333
3.59727 30.0053 12.423 0.784574 0.334001 0.39124 -0.346331
3.72535 29.9187 12.6241 0.786592 0.344365 0.382758 -0.34104
3.84013 29.8247 12.8205 0.788262 0.354762 0.374592 -0.335551
3.95432 29.7202 13.0376 0.790385 0.36562 0.365285 -0.329103
4.06114 29.6191 13.2347 0.792032 0.376675 0.356256 -0.322508
4.17458 29.5249 13.4428 0.794025 0.387398 0.345798 -0.316226
4.28295 29.4409 13.6519 0.796531 0.397818 0.334218 -0.309363
4.41381 29.3341 13.8429 0.797499 0.409618 0.322358 -0.304008
4.53937 29.2296 14.031 0.798663 0.420495 0.309661 -0.299263
4.658 29.1171 14.2213 0.799598 0.431179 0.296649 -0.29471
4.79723 29.0179 14.404 0.79908 0.443857 0.282944 -0.290744
4.92775 28.9052 14.6065 0.799141 0.455546 0.268266 -0.286381
5.04829 28.7823 14.8038 0.799058 0.466007 0.254331 -0.282468
5.15868 28.6686 15.0047 0.7988 0.476552 0.240393 -0.277771
5.29031 28.8205 15.107 0.798703 0.488317 0.221971 -0.272909
5.01224 29.1681 15.1231 0.831892 0.427802 0.257356 -0.242552
4.82251 29.3192 14.846 0.826075 0.32214 0.337517 -0.316274
4.79338 29.3206 14.6986 0.80553 0.289851 0.367847 -0.363209
4.7841 29.2807 14.7255 0.806956 0.295615 0.360145 -0.363116
4.74851 29.2045 14.7915 0.812422 0.293841 0.366173 -0.345932
4.79122 29.003 14.9239 0.812129 0.305736 0.35488 -0.348073
4.82263 28.8171 15.054 0.812094 0.315976 0.345481 -0.348467
4.84351 28.6468 15.1859 0.813538 0.323462 0.336488 -0.347026
4.87024 28.4807 15.3124 0.814378 0.331541 0.327837 -0.345711
4.89758 28.3396 15.4328 0.815787 0.34038 0.32017 -0.340951
4.91053 28.2025 15.5375 0.816608 0.344804 0.314585 -0.33974
4.86032 28.1963 15.5931 0.822641 0.344276 0.315055 -0.324962
4.85484 28.1126 15.6564 0.82303 0.344934 0.314412 -0.3239
4.79063 28.1169 15.6917 0.827941 0.340644 0.32564 -0.30423
4.74375 28.1044 15.7334 0.831432 0.337507 0.331745 -0.291338
4.69522 28.11 15.7587 0.834057 0.333425 0.341124 -0.27737
4.6923 28.075 15.8017 0.835017 0.33285 0.34275 -0.273133
4.69011 27.9925 15.8777 0.835937 0.329672 0.345801 -0.270313
4.68655 27.9129 15.9553 0.836804 0.325867 0.350257 -0.266478
4.68302 27.8467 16.0273 0.837465 0.322092 0.355161 -0.26247
4.66316 27.7884 16.0938 0.838659 0.315315 0.362055 -0.257419
4.64553 27.7407 16.1561 0.840021 0.307993 0.368823 -0.25218
4.61949 27.6921 16.2169 0.840866 0.29995 0.377276 -0.246492
4.61182 27.6593 16.2759 0.841535 0.295401 0.383091 -0.240663
4.59296 27.6258 16.3301 0.842339 0.288285 0.390018 -0.235296
4.56907 27.6003 16.3748 0.84266 0.281229 0.397901 -0.229412
4.55813 27.5754 16.4179 0.842937 0.276213 0.403258 -0.225094
4.54708 27.5412 16.4613 0.843238 0.271352 0.407356 -0.222485
4.54675 27.52 16.5025 0.843667 0.270356 0.408979 -0.219067
4.55192 27.5062 16.5341 0.84389 0.271068 0.409693 -0.215973
4.55384 27.4924 16.5564 0.84396 0.271127 0.409976 -0.215089
4.55071 27.4856 16.5719 0.844267 0.271483 0.409495 -0.214347
4.54877 27.4785 16.5865 0.844928 0.273097 0.407317 -0.213842
4.5468 27.4732 16.5962 0.845763 0.275878 0.403465 -0.214272
4.54525 27.4631 16.605 0.846752 0.280807 0.397136 -0.215782
4.54635 27.4502 16.6102 0.847412 0.287369 0.389069 -0.219221
4.53817 27.4387 16.615 0.848472 0.293191 0.380381 -0.222634
4.54517 27.4163 16.6272 0.848887 0.303772 0.367841 -0.227876
4.53601 27.3903 16.6368 0.849066 0.313209 0.355763 -0.233543
4.53279 27.3676 16.6604 0.849586 0.32529 0.340428 -0.237952
4.5258 27.3405 16.6755 0.850129 0.33505 0.324799 -0.244234
4.5323 27.3083 16.698 0.848843 0.35033 0.306162 -0.251242
4.53327 27.2788 16.7257 0.847801 0.365096 0.286396 -0.256981
4.5363 27.2399 16.7466 0.845285 0.380167 0.266977 -0.264223
4.54064 27.2096 16.7795 0.843353 0.394852 0.245385 -0.269741
4.52791 27.1738 16.8087 0.841267 0.407036 0.225303 -0.275605
4.5175 27.1402 16.8428 0.838596 0.4194 0.205125 -0.280915
4.51695 27.0999 16.8829 0.835021 0.43232 0.183528 -0.286859
4.51634 27.0513 16.9204 0.830277 0.444971 0.163008 -0.293601
4.50212 27.0084 16.961 0.825943 0.455842 0.14376 -0.299154
4.49837 26.9701 16.9942 0.821211 0.465879 0.124942 -0.305113
4.47134 26.9241 17.0325 0.817301 0.473218 0.109701 -0.310137
4.46916 26.8861 17.075 0.812293 0.481862 0.0925144 -0.315544
4.47238 26.8515 17.1127 0.807235 0.489486 0.0769589 -0.320923
4.47187 26.8077 17.1502 0.802682 0.495132 0.0633638 -0.326607
4.46586 26.7698 17.1935 0.798519 0.499859 0.0516755 -0.331633
4.44877 26.7324 17.2309 0.796041 0.501498 0.0428297 -0.336347
4.4406 26.7065 17.2712 0.793332 0.503522 0.0346962 -0.340634
4.43998 26.6825 17.3103 0.790741 0.505028 0.0278763 -0.34503
4.43852 26.6685 17.3419 0.788019 0.506345 0.0225592 -0.349687
4.41363 26.6387 17.3811 0.786361 0.506073 0.0206924 -0.353906
4.39788 26.6117 17.4201 0.785151 0.50497 0.0193124 -0.358219
4.37992 26.5779 17.4632 0.785097 0.502466 0.0194861 -0.361831
4.35061 26.5495 17.5111 0.78577 0.499573 0.0215768 -0.364248
4.33442 26.5155 17.547 0.786144 0.496174 0.0241815 -0.367905
4.31481 26.4846 17.5855 0.786763 0.492527 0.0277289 -0.371218
4.28364 26.4569 17.6239 0.788562 0.487644 0.0328951 -0.373417
4.26372 26.4271 17.6581 0.789876 0.48291 0.0380285 -0.376295
4.25582 26.3957 17.6909 0.791026 0.47845 0.0432833 -0.378996
4.2377 26.3635 17.7226 0.792639 0.473195 0.0496808 -0.381431
4.20739 26.331 17.7599 0.795275 0.466824 0.0573417 -0.382718
4.18765 26.2947 17.7916 0.797386 0.460713 0.0647256 -0.384548
4.17496 26.259 17.8281 0.799718 0.454557 0.0715632 -0.385816
4.15804 26.2194 17.8588 0.801457 0.449048 0.0787422 -0.387258
4.13855 26.1788 17.896 0.804506 0.441849 0.0861181 -0.387646
4.11688 26.1365 17.9284 0.804797 0.439309 0.0957531 -0.387669
4.09195 26.0974 17.968 0.805472 0.437333 0.104917 -0.386126
4.07421 26.0557 18.0068 0.806129 0.435169 0.113159 -0.384871
4.06223 26.014 18.0469 0.806638 0.433807 0.120839 -0.383003
4.04273 25.972 18.0931 0.808138 0.431154 0.127849 -0.380551
4.02311 25.9261 18.1369 0.809676 0.428535 0.134789 -0.377837
4.0178 25.88 18.1743 0.810043 0.427473 0.140197 -0.376282
4.00455 25.8343 18.2228 0.81112 0.42604 0.14525 -0.373662
3.99786 25.7834 18.261 0.811599 0.424651 0.15002 -0.372315
3.97805 25.7276 18.3031 0.812621 0.422623 0.154939 -0.370375
3.97994 25.6764 18.3416 0.812414 0.422808 0.157719 -0.369443
3.95947 25.6205 18.3846 0.812779 0.422144 0.161437 -0.36779
3.93945 25.5662 18.4268 0.813247 0.421461 0.163959 -0.366421
3.93131 25.5163 18.461 0.812811 0.422023 0.165655 -0.365977
3.91212 25.4619 18.5009 0.812903 0.421942 0.166473 -0.365496
3.87185 25.4102 18.5396 0.813617 0.420406 0.168369 -0.364809
3.85522 25.3595 18.5849 0.813537 0.420888 0.167244 -0.364948
3.83557 25.3105 18.6289 0.81318 0.421784 0.16517 -0.365654
3.81248 25.2568 18.6754 0.812991 0.422562 0.162378 -0.366427
3.80323 25.2059 18.7286 0.812149 0.424833 0.156871 -0.368066
3.78237 25.1553 18.7781 0.807115 0.434349 0.15516 -0.368759
3.7649 25.1029 18.8263 0.800945 0.44567 0.152604 -0.369771
3.77525 25.0512 18.8799 0.792664 0.460257 0.147219 -0.371925
3.75001 24.9995 18.9297 0.785219 0.473022 0.143654 -0.373098
3.70924 24.9513 18.9927 0.778033 0.486 0.139866 -0.372914
3.66863 24.8973 19.0507 0.769836 0.49965 0.135915 -0.373352
3.64381 24.8531 19.1128 0.760688 0.514647 0.130081 -0.373813
3.62507 24.8021 19.1698 0.750302 0.530454 0.123527 -0.374933
3.60031 24.7479 19.2259 0.739597 0.546222 0.116989 -0.375665
3.58075 24.6989 19.2996 0.728763 0.562394 0.108655 -0.375486
3.56443 24.6595 19.3562 0.717354 0.578696 0.0997185 -0.375171
3.54221 24.5994 19.4105 0.705302 0.594436 0.0913271 -0.375555
3.48894 24.5471 19.4684 0.695053 0.60874 0.0845417 -0.37334
3.49323 24.4861 19.502 0.681648 0.623944 0.074802 -0.375037
3.48905 24.4178 19.5635 0.669496 0.638435 0.0642522 -0.374503
3.47136 24.3533 19.6168 0.658202 0.651834 0.0541632 -0.373042
3.42097 24.2843 19.6553 0.648518 0.663593 0.0465358 -0.370249
3.3977 24.2144 19.6942 0.63842 0.675108 0.0369392 -0.368054
3.37463 24.1666 19.7593 0.629983 0.685796 0.0248049 -0.363821
3.36568 24.1066 19.8242 0.622029 0.695417 0.0124097 -0.359856
3.33666 24.0039 19.8414 0.625963 0.694176 -0.00249708 -0.355612
3.30227 23.9409 19.898 0.630391 0.693536 -0.0193672 -0.348453
3.25734 23.8101 19.8886 0.633875 0.691882 -0.032856 -0.344387
3.22418 23.7132 19.9268 0.636768 0.690983 -0.0480472 -0.339035
3.14601 23.6298 19.971 0.64104 0.689832 -0.060942 -0.331169
3.1247 23.5066 20.0096 0.643042 0.688311 -0.0753941 -0.32746
3.0779 23.368 20.0647 0.64558 0.686849 -0.0871701 -0.322582
3.08654 23.1652 20.1008 0.646638 0.684507 -0.0982871 -0.322255
3.06866 23.1058 20.1141 0.648819 0.683143 -0.113751 -0.315613
3.03311 22.9309 20.1385 0.649539 0.681938 -0.123047 -0.313249
2.97971 22.7596 20.1907 0.650575 0.68109 -0.130462 -0.309934
2.91029 22.6067 20.2795 0.651923 0.680641 -0.13681 -0.305319
2.83636 22.4465 20.375 0.652893 0.680343 -0.141648 -0.301694
2.7964 22.1859 20.4654 0.652714 0.679207 -0.14355 -0.303739
2.70184 21.8748 20.557 0.6531 0.677909 -0.140574 -0.307186
2.58481 21.6269 20.6581 0.653546 0.677651 -0.1376 -0.308167
2.53194 21.5969 20.715 0.654608 0.676254 -0.14442 -0.305851
2.46292 21.4054 20.8096 0.654354 0.675127 -0.141797 -0.310087
2.33515 21.2407 20.9134 0.654124 0.675348 -0.136204 -0.312597
2.3103 21.1126 21.0136 0.652615 0.67436 -0.134102 -0.318737
2.21068 20.9608 21.1203 0.661648 0.666048 -0.128827 -0.319772
2.19997 20.8303 21.1713 0.670094 0.655529 -0.126866 -0.324684
2.15448 20.5674 21.1974 0.677914 0.644499 -0.118303 -0.333642
2.15676 20.3634 21.117 0.684477 0.633404 -0.11234 -0.343414
2.13238 20.1082 20.9954 0.691063 0.621684 -0.101881 -0.354718
2.08154 19.9138 20.8878 0.698524 0.60977 -0.0906755 -0.363711
2.03783 19.6984 20.8003 0.706053 0.596334 -0.0777548 -0.374285
2.01936 19.5074 20.6913 0.712376 0.582793 -0.0667495 -0.385587
1.96855 19.3112 20.5966 0.718335 0.568918 -0.0531183 -0.397194
2.00276 19.0875 20.485 0.722332 0.553082 -0.0430747 -0.413207
1.95751 18.9459 20.4079 0.727051 0.539447 -0.0317321 -0.423843
1.98386 18.7343 20.2589 0.729134 0.522974 -0.0224513 -0.441152
1.92979 18.5767 20.2067 0.733832 0.508114 -0.0106558 -0.451057
1.89819 18.4179 20.1134 0.735915 0.494293 -0.000707422 -0.462986
1.86518 18.236 19.9871 0.736538 0.480367 0.00956318 -0.476364
1.80209 18.0648 19.918 0.737569 0.468325 0.0199636 -0.486334
1.80043 17.9269 19.8367 0.737303 0.457249 0.0258072 -0.496889
1.75618 17.7697 19.7235 -0.7366 -0.446894 -0.0334679 0.506948
1.72764 17.6358 19.6399 -0.735704 -0.438316 -0.0390594 0.515264
1.68316 17.5121 19.5243 -0.734618 -0.431062 -0.0441972 0.522462
1.60562 17.3937 19.4152 -0.731974 -0.430562 -0.0564213 0.525401
1.60115 17.3145 19.3 -0.729177 -0.430449 -0.0615867 0.528789
1.52792 17.2072 19.1672 -0.726834 -0.429964 -0.0693955 0.531437
1.49915 17.1048 19.0148 -0.723644 -0.42898 -0.0736044 0.536
1.46089 17.0255 18.8856 -0.721606 -0.428515 -0.0767514 0.53867
1.3929 16.9656 18.7375 -0.720069 -0.428109 -0.080246 0.540539
1.3377 16.9306 18.6177 -0.719188 -0.428765 -0.0820625 0.540917
1.26261 16.8548 18.4502 -0.718045 -0.428242 -0.0825317 0.542781
1.12127 16.7736 18.2561 -0.717617 -0.427808 -0.086193 0.543118
1.08875 16.8287 18.1394 -0.717574 -0.428917 -0.0841046 0.542629
0.974573 16.7199 17.927 -0.716863 -0.428205 -0.0834462 0.544227
0.90065 16.5899 17.6808 -0.714617 -0.425451 -0.0794444 0.549905
0.760363 16.5799 17.5422 -0.71883 -0.428418 -0.0744047 0.542775
0.644416 16.5645 17.366 -0.722922 -0.430492 -0.0651645 0.53686
0.521659 16.4982 17.1909 -0.725641 -0.431039 -0.0595567 0.533398
0.401607 16.4885 17.0477 -0.730976 -0.434092 -0.0500678 0.524548
0.249306 16.3479 16.8524 -0.731135 -0.433318 -0.0498328 0.524987
0.071707 16.289 16.7039 -0.73581 -0.434833 -0.0474852 0.517374
-0.0805009 16.1886 16.503 -0.738041 -0.434495 -0.0447609 0.514719
-0.255212 16.0465 16.2953 -0.738999 -0.433902 -0.0472139 0.513626
-0.390931 15.9079 16.0646 -0.737715 -0.434243 -0.0490127 0.51501
-0.535059 15.7898 15.8394 -0.736972 -0.434634 -0.0523255 0.515419
-0.683173 15.6915 15.6137 -0.737373 -0.434183 -0.0569133 0.514741
-0.794855 15.6093 15.378 -0.737545 -0.432578 -0.0598389 0.515512
-0.93885 15.5399 15.1476 -0.738883 -0.430646 -0.0669278 0.514345
-1.04678 15.4812 14.9127 -0.739256 -0.428547 -0.0730752 0.514726
-1.14525 15.4524 14.6811 -0.740653 -0.426016 -0.0786027 0.514005
-1.23848 15.428 14.4372 -0.741298 -0.423994 -0.0858094 0.513596
-1.30999 15.4135 14.1956 -0.741786 -0.421539 -0.0917072 0.513894
-1.35531 15.4109 13.9544 -0.741546 -0.419919 -0.0953517 0.514901
-1.41615 15.4035 13.7145 -0.742029 -0.416931 -0.101447 0.515469
-1.47248 15.4005 13.481 -0.74239 -0.414607 -0.107475 0.515604
-1.53375 15.3866 13.2345 -0.742865 -0.409583 -0.113211 0.517701
-1.58802 15.3878 13.0048 -0.743319 -0.405995 -0.117587 0.518897
-1.64427 15.3798 12.7811 -0.744002 -0.403093 -0.123875 0.518719
-1.70323 15.3712 12.5642 -0.744793 -0.399875 -0.128215 0.51902
-1.75744 15.3497 12.3366 -0.745314 -0.39697 -0.130775 0.519861
-1.81121 15.3253 12.1268 -0.747316 -0.390868 -0.132593 0.521148
-1.87619 15.2845 11.9072 -0.748894 -0.386127 -0.133708 0.522129
-1.94526 15.2392 11.6977 -0.750231 -0.383972 -0.134594 0.521572
-2.00992 15.1889 11.4929 -0.750959 -0.383579 -0.13434 0.52088
-2.08053 15.135 11.2903 -0.751398 -0.382427 -0.133265 0.521369
-2.15867 15.075 11.0886 -0.75165 -0.381693 -0.131303 0.522039
-2.23724 15.0183 10.899 -0.752116 -0.381855 -0.128179 0.522025
-2.31875 14.9663 10.722 -0.753061 -0.380599 -0.124213 0.522537
-2.39218 14.9238 10.5796 -0.759103 -0.373253 -0.115167 0.521162
-2.49562 14.8658 10.4141 -0.759975 -0.374082 -0.109614 0.520495
-2.61382 14.7957 10.2459 -0.763234 -0.367744 -0.103797 0.521431
-2.72005 14.7215 10.0414 -0.764701 -0.348284 -0.0982152 0.533566
-2.79508 14.6563 9.84235 -0.760107 -0.344356 -0.0867599 0.54454
-2.87074 14.6011 9.70482 -0.767334 -0.34247 -0.0743864 0.537381
-2.93288 14.5478 9.57209 -0.774303 -0.339976 -0.0598738 0.530743
-2.99789 14.4834 9.41874 -0.776847 -0.332464 -0.0462975 0.533131
-3.07667 14.4152 9.27153 -0.779969 -0.32534 -0.0352701 0.533809
-3.1672 14.3442 9.11707 -0.780127 -0.317889 -0.026491 0.538547
-3.24307 14.2763 8.97734 -0.780204 -0.31554 -0.0161036 0.540221
-3.3038 14.2099 8.84106 -0.776309 -0.317714 -0.0112325 0.544658
-3.35523 14.1619 8.73076 -0.770532 -0.324131 -0.00610999 0.54914
-3.3498 14.1569 8.68497 -0.764778 -0.329783 -0.00213337 0.553825
-3.33317 14.1619 8.66702 -0.761238 -0.34009 0.00477194 0.552453
-3.34646 14.1476 8.63563 -0.761107 -0.345275 0.00401442 0.549418
-3.35889 14.1342 8.61531 -0.760449 -0.350184 0.00388197 0.547221
-3.35163 14.1186 8.59815 -0.75819 -0.360353 0.00479861 0.54374
-3.34655 14.0985 8.57488 -0.755536 -0.371155 -4.7171e-06 0.540183
-3.33612 14.0786 8.55452 -0.752194 -0.386641 -0.00347951 0.533948
-3.37237 14.0084 8.46426 -0.750083 -0.384529 -0.00681282 0.538387
-3.40892 13.9364 8.37481 -0.750124 -0.382507 -0.00507094 0.539786
-3.45342 13.8656 8.28114 -0.749788 -0.375935 -0.0107952 0.544759
-3.50541 13.7992 8.18345 -0.750392 -0.353892 -0.00840053 0.558547
-3.57829 13.7287 8.08981 -0.756109 -0.32895 0.00135719 0.566084
-3.6742 13.6578 7.97231 -0.75623 -0.282359 0.00733617 0.590485
-3.7894 13.5921 7.86721 -0.756264 -0.258351 0.0132644 0.601225
-3.85132 13.5463 7.80243 -0.760111 -0.228025 0.026561 0.608152
-3.8849 13.5014 7.74862 -0.760564 -0.245979 0.0275011 0.600505
-3.97597 13.4188 7.63073 -0.759069 -0.223008 0.0303024 0.611129
-4.09806 13.3281 7.5014 -0.75951 -0.184811 0.0383184 0.622756
-4.24655 13.255 7.39365 -0.758431 -0.1743 0.0370163 0.627163
-4.36285 13.1898 7.29933 -0.756442 -0.172474 0.0344998 0.630204
-4.36444 13.1713 7.28537 -0.754577 -0.179427 0.0278732 0.630827
-4.37714 13.1464 7.2616 -0.754108 -0.176997 0.0242654 0.632221
-4.36814 13.129 7.24807 -0.758814 -0.177766 0.0156673 0.626626
-4.36715 13.1053 7.22388 -0.764292 -0.17015 0.00993105 0.622185
-4.36554 13.0899 7.21401 -0.769818 -0.17656 0.000101837 0.613611
-4.431 13.0663 7.1778 -0.777714 -0.153796 -0.0168189 0.609539
-4.62634 13.0345 7.10908 -0.788438 -0.0507416 0.00348599 0.613251
-4.86949 13.039 7.07384 -0.787256 0.0794317 0.0309977 0.610935
-5.12541 13.0255 7.00717 -0.79419 0.0870067 0.0289499 0.600952
-5.37289 13.0072 6.9472 -0.803479 0.0963971 0.0311032 0.586904
-5.6239 12.9913 6.90074 -0.812803 0.107381 0.0303802 0.572013
-5.87415 12.98 6.84905 -0.819676 0.11536 0.0290507 0.560613
-6.10934 12.9754 6.80727 -0.828745 0.118692 0.0308757 0.546311
-6.36093 12.9781 6.74999 -0.834857 0.12654 0.0178363 0.53573
-6.58569 13.0361 6.77323 0.857111 -0.141126 0.00303772 -0.495633
-6.75586 13.0318 6.75127 0.863101 -0.149706 -0.00455025 -0.482536
-6.94757 13.0456 6.7381 0.87057 -0.159418 0.000113033 -0.465734
-7.12404 13.0523 6.70666 0.876025 -0.170741 8.15118e-05 -0.451268
-7.29756 13.0521 6.65338 0.87927 -0.181156 0.00571255 -0.440734
-7.44914 13.055 6.61182 0.886299 -0.183853 0.0120031 -0.425136
-7.59815 13.0591 6.56724 0.892145 -0.187084 0.0220445 -0.410853
-7.73662 13.0535 6.51562 0.898492 -0.181911 0.0326959 -0.398448
-7.86571 13.0478 6.46634 0.903661 -0.178021 0.0423113 -0.387458
-7.9811 13.0437 6.42358 0.908725 -0.179779 0.0481717 -0.373879
-8.09323 13.0455 6.3856 0.912385 -0.186967 0.0535583 -0.360467
-8.20273 13.0406 6.33952 0.910933 -0.200697 0.0573889 -0.356142
-8.32642 13.0519 6.29606 0.909499 -0.214299 0.0708546 -0.349391
-8.42278 13.0493 6.2538 0.908412 -0.219797 0.0758046 -0.34776
-8.51919 13.0741 6.22412 0.909287 -0.23116 0.0881112 -0.33497
-8.59334 13.0678 6.18797 0.908142 -0.231958 0.0915003 -0.336612
-8.66039 13.0796 6.16337 0.909576 -0.235982 0.0964439 -0.328467
-8.72207 13.079 6.13561 0.908259 -0.238482 0.100571 -0.329067
-8.77555 13.0891 6.11759 0.907897 -0.245634 0.105247 -0.32329
-8.82224 13.0922 6.09905 0.907069 -0.248967 0.10813 -0.322112
-8.8649 13.1021 6.08458 0.906296 -0.255281 0.112445 -0.317837
-8.89589 13.1054 6.07395 0.906029 -0.257983 0.113309 -0.316104
-8.92585 13.1065 6.06163 0.905113 -0.258601 0.118509 -0.316317
-8.94806 13.1101 6.05273 0.904153 -0.261776 0.122764 -0.314819
-8.96438 13.1095 6.04507 0.902832 -0.263322 0.126662 -0.315778
-8.98576 13.1174 6.03744 0.902453 -0.265538 0.133729 -0.312075
-9.0088 13.1148 6.02331 0.900319 -0.266957 0.139747 -0.314382
-9.03307 13.1151 6.00982 0.899212 -0.267473 0.145669 -0.314421
-9.06673 13.1178 5.98911 0.896358 -0.268821 0.157119 -0.315905
-9.08963 13.1219 5.97754 0.896839 -0.269437 0.161031 -0.31202
-9.11087 13.1222 5.96531 0.89705 -0.270606 0.161996 -0.309895
-9.13977 13.1277 5.9512 0.897386 -0.271615 0.166072 -0.305857
-9.16928 13.1313 5.93125 0.89676 -0.27194 0.173495 -0.303272
-9.19852 13.1381 5.91426 0.898135 -0.271764 0.178578 -0.296329
-9.22198 13.1462 5.90031 0.901158 -0.270994 0.18167 -0.285792
-9.24791 13.1525 5.8845 0.903994 -0.269652 0.184116 -0.276382
-9.27758 13.1635 5.86518 0.906224 -0.268906 0.19072 -0.265098
-9.29816 13.1659 5.85545 0.911131 -0.26485 0.187268 -0.254615
-9.32824 13.1784 5.83743 0.913732 -0.265714 0.191429 -0.240933
-9.35254 13.1666 5.82093 0.916866 -0.257989 0.188777 -0.239508
-9.38368 13.1807 5.79895 0.917898 -0.261359 0.196438 -0.225321
-9.40701 13.1721 5.78 0.920993 -0.257033 0.194041 -0.219674
-9.43984 13.173 5.75969 0.922427 -0.254135 0.19771 -0.213675
-9.46988 13.1709 5.74234 0.926134 -0.247718 0.197681 -0.205025
-9.50719 13.1741 5.72089 0.9279 -0.241071 0.204984 -0.197664
-9.54783 13.1793 5.69674 0.930985 -0.229864 0.214852 -0.185663
-9.59384 13.1742 5.66891 0.934842 -0.217499 0.218355 -0.176884
-9.64936 13.1785 5.63086 0.936224 -0.212657 0.2281 -0.162585
-9.71457 13.1864 5.58796 0.935614 -0.206809 0.244524 -0.149221
-9.77839 13.1957 5.55431 0.935163 -0.207661 0.250995 -0.139829
-9.84171 13.2095 5.5117 0.933217 -0.214899 0.259612 -0.125419
-9.90704 13.2273 5.47614 0.932615 -0.21962 0.264748 -0.11004
-9.98183 13.2166 5.43788 0.935041 -0.20716 0.267768 -0.106244
-10.0639 13.2218 5.39447 0.935036 -0.202576 0.27445 -0.09774
-10.1482 13.2223 5.34965 0.935006 -0.199452 0.278681 -0.0923287
-10.2413 13.2324 5.2977 0.933215 -0.201136 0.285706 -0.0850418
-10.3358 13.243 5.24886 0.931706 -0.201137 0.292456 -0.078385
-10.4255 13.2376 5.19452 0.931266 -0.20149 0.294524 -0.0748812
-10.5132 13.222 5.14354 0.930921 -0.201805 0.295252 -0.0754548
-10.6065 13.2125 5.09076 0.930518 -0.201036 0.297252 -0.0746278
-10.695 13.1891 5.03997 0.931028 -0.200379 0.295532 -0.0768249
-10.7908 13.1706 4.98272 0.931503 -0.198288 0.294801 -0.0792556
-10.8744 13.1899 4.90737 0.932552 -0.195736 0.293087 -0.0796202
-10.9594 13.213 4.82192 0.933793 -0.192051 0.290956 -0.0818363
-11.0418 13.2397 4.73888 0.93571 -0.18564 0.287681 -0.0861977
-11.1251 13.2726 4.63611 0.938155 -0.178373 0.282743 -0.0911491
-11.1944 13.3088 4.54358 0.940671 -0.171751 0.276235 -0.0976539
-11.2641 13.3526 4.45657 0.943976 -0.161765 0.269215 -0.10231
-11.3595 13.3868 4.35298 0.944304 -0.153661 0.268582 -0.112893
-11.4529 13.4149 4.232 0.945847 -0.141743 0.264257 -0.125111
-11.5089 13.4712 4.13524 0.950437 -0.127354 0.253151 -0.128711
-11.5984 13.5444 3.99799 0.954555 -0.112775 0.242399 -0.132478
-11.664 13.5967 3.86525 0.959582 -0.095074 0.224049 -0.141999
-11.7338 13.6513 3.72022 0.964153 -0.0763819 0.204701 -0.151229
-11.8005 13.6892 3.59083 0.967685 -0.0575728 0.184409 -0.162669
-11.8758 13.7428 3.45444 0.970791 -0.040768 0.164136 -0.170761
-11.9262 13.7117 3.35793 0.969285 -0.0280854 0.140328 -0.200506
-11.9342 13.6107 3.29857 0.960854 -0.0203172 0.101659 -0.257316
-11.9616 13.5366 3.21781 0.952722 0.000221485 0.06633 -0.296855
-12.2659 13.2581 3.11941 0.934261 0.0153283 0.0776139 -0.347995
-12.3939 13.3349 2.98713 0.930942 0.0350312 0.0657637 -0.357773
-12.5486 13.3725 2.84166 0.925848 0.0528377 0.0573683 -0.370039
-12.8018 13.3169 2.72688 0.918941 0.06328 0.0617865 -0.384622
-13.0807 13.3216 2.65927 0.917149 0.0593815 0.0740358 -0.387347
-13.393 13.3006 2.56998 0.913831 0.0543063 0.0908807 -0.392318
-13.5623 13.3813 2.42865 0.910619 0.0632637 0.0913928 -0.398282
-13.6726 13.5135 2.29928 0.909837 0.0703324 0.0885358 -0.399528
-13.7198 13.6513 2.16555 0.909451 0.0767686 0.0822586 -0.400562
-13.7614 13.7695 2.02422 0.908705 0.0803017 0.0773674 -0.402537
-13.7624 13.897 1.88192 0.908513 0.0834084 0.0704124 -0.403617
-13.7601 14.0202 1.73254 0.908674 0.0835792 0.0642496 -0.404246
-13.81 14.1379 1.58734 0.90855 0.0817955 0.065555 -0.40468
-13.8825 14.2472 1.45704 0.90883 0.0786435 0.0709867 -0.403761
-13.9361 14.3558 1.3112 0.910004 0.0718562 0.0758628 -0.401489
-13.9386 14.4591 1.11628 0.910142 0.0640489 0.0776192 -0.40216
-13.8691 14.5251 0.935469 0.911288 0.0565388 0.0812999 -0.399959
-13.7538 14.5662 0.72058 0.911187 0.0481314 0.0883744 -0.399788
-13.5929 14.4626 0.874191 0.911731 0.0408409 0.0911039 -0.398744
-13.4872 14.3492 1.0808 0.911762 0.0337235 0.0905438 -0.399466
-13.3784 14.2329 1.2624 0.911388 0.0274004 0.0888802 -0.401171
-13.3431 14.0983 1.44642 0.910493 0.0191763 0.0939847 -0.402518
-13.2967 13.9717 1.61554 0.909754 0.0121246 0.0972329 -0.40369
-13.2787 13.8301 1.77913 0.908199 0.00597978 0.102969 -0.4059
-13.2146 13.7258 1.9507 0.908179 0.00245389 0.104142 -0.405683
-13.1232 13.6263 2.10107 0.907457 0.00268756 0.102664 -0.407669
-13.0772 13.518 2.24365 0.906251 0.00281381 0.103452 -0.410145
-13.0101 13.4287 2.37687 0.905176 0.00544073 0.101374 -0.413001
-12.9713 13.3194 2.48025 0.902665 0.0105499 0.100046 -0.418683
-12.9059 13.2451 2.56397 0.90015 0.020059 0.0938153 -0.425145
-12.8611 13.1632 2.65115 0.897362 0.0305015 0.08807 -0.431599
-12.8409 13.0722 2.73998 0.893919 0.0421779 0.0835397 -0.438605
-12.8337 12.9793 2.83257 0.890045 0.0566695 0.0786436 -0.4457
-12.8265 12.8927 2.92427 0.886247 0.0718786 0.0715298 -0.452227
-12.8305 12.8055 2.99992 0.881225 0.0892788 0.0647697 -0.459897
-12.8631 12.7193 3.08944 0.876382 0.106971 0.0597767 -0.466014
-12.8615 12.6528 3.1365 0.870492 0.126577 0.0502491 -0.473213
-12.995 12.538 3.21057 0.864323 0.14474 0.0496861 -0.479337
-13.0848 12.4628 3.24814 0.857631 0.164321 0.0447478 -0.485495
-13.1309 12.4001 3.26793 0.850385 0.185996 0.035344 -0.491167
-13.1798 12.3665 3.29348 0.843901 0.207481 0.0251484 -0.494367
-13.2275 12.3188 3.26916 0.835342 0.228883 0.0137741 -0.499879
-13.2567 12.2663 3.22814 -0.826905 -0.248864 -0.000977601 0.504735
-13.2594 12.267 3.21139 -0.819273 -0.270091 0.0133235 0.506088
-13.298 12.2184 3.18534 -0.811321 -0.288752 0.0243566 0.50818
-13.3565 12.2505 3.19055 -0.806203 -0.308219 0.0352546 0.504241
-13.449 12.2127 3.16411 -0.800931 -0.323208 0.04251 0.5027
-13.5483 12.1867 3.13909 0.796231 0.337586 -0.0494786 -0.499877
-13.6026 12.1745 3.08013 0.791459 0.350532 -0.0585199 -0.497569
-13.622 12.1707 3.02774 0.790701 0.35515 -0.0744965 -0.493347
-13.6337 12.1723 2.93045 0.78952 0.358636 -0.0904403 -0.490043
-13.6638 12.1296 2.86996 0.789784 0.361291 -0.101472 -0.485488
-13.6888 12.1288 2.81423 0.791327 0.364174 -0.111357 -0.478607
-13.7064 12.0914 2.76149 0.792795 0.3666 -0.12011 -0.472167
-13.7046 12.0654 2.70302 0.794621 0.368995 -0.128541 -0.464957
-13.7245 12.016 2.70364 0.798252 0.37163 -0.13299 -0.455287
-13.7422 11.9735 2.68306 0.801601 0.37397 -0.137255 -0.44613
-13.7392 11.9367 2.64986 0.804063 0.377338 -0.142609 -0.43709
-13.7491 11.9066 2.68251 0.808155 0.381934 -0.14608 -0.424217
-13.7607 11.8624 2.69632 0.811773 0.386058 -0.149278 -0.412294
-13.7816 11.8191 2.74023 0.816035 0.390772 -0.150956 -0.398602
-13.8013 11.7576 2.78208 0.819857 0.395588 -0.152907 -0.385033
-13.8089 11.6935 2.81429 0.822966 0.400734 -0.15583 -0.371674
-13.8214 11.6236 2.84972 0.825906 0.406418 -0.157893 -0.357851
-13.9 11.6021 2.77912 0.828273 0.40977 -0.159663 -0.347626
-13.9258 11.5539 2.82127 0.831706 0.415549 -0.160988 -0.331585
-13.9414 11.4849 2.8615 0.834108 0.422485 -0.162352 -0.315744
-14.0326 11.4209 2.9014 0.84269 0.42115 -0.152996 -0.29896
-14.0722 11.3681 2.9335 0.847185 0.424771 -0.151516 -0.281368
-14.0975 11.329 2.97243 0.850134 0.430102 -0.154003 -0.26238
-14.1121 11.273 3.00287 0.851753 0.436698 -0.156472 -0.244138
-14.1329 11.219 3.0361 0.8526 0.444428 -0.157666 -0.225773
-14.1444 11.1806 3.06848 0.853054 0.451902 -0.161047 -0.205964
-14.1554 11.1404 3.1041 0.852808 0.459663 -0.163741 -0.186791
-14.1749 11.093 3.14215 0.852012 0.467971 -0.164556 -0.168146
-14.1865 11.0513 3.16446 0.850524 0.475912 -0.166025 -0.151074
-14.204 11.01 3.19123 0.848208 0.484494 -0.167262 -0.134555
-14.2107 10.9739 3.21947 0.845671 0.492357 -0.169171 -0.118653
-14.2195 10.9396 3.24455 0.842919 0.499655 -0.171225 -0.103859
-14.2489 10.8927 3.24648 0.840783 0.50639 -0.167911 -0.093442
-14.2545 10.8627 3.26357 0.838096 0.512124 -0.16954 -0.0827854
-14.261 10.851 3.28237 0.835986 0.516632 -0.171392 -0.0715354
-14.2637 10.8297 3.29925 0.833379 0.521244 -0.173221 -0.0636638
-14.2677 10.8119 3.31304 0.831343 0.524934 -0.174049 -0.0574009
-14.269 10.7913 3.31781 0.829958 0.526792 -0.175626 -0.0555867
-14.2755 10.7771 3.3284 0.828916 0.528326 -0.176451 -0.0539511
-14.2746 10.7575 3.3353 0.827978 0.5293 -0.177152 -0.0564664
-14.2699 10.7509 3.34119 0.827686 0.528872 -0.178445 -0.0605353
-14.2631 10.7527 3.34923 0.828255 0.526391 -0.180705 -0.0672943
-14.2589 10.7576 3.35969 0.829596 0.522427 -0.182568 -0.0760758
-14.2566 10.75 3.37012 0.8313 0.517872 -0.182189 -0.0885121
-14.2417 10.74 3.38719 0.833502 0.510861 -0.18389 -0.103719
-14.2247 10.7421 3.40366 0.836878 0.500817 -0.18587 -0.120614
-14.2086 10.7368 3.42749 0.839789 0.490933 -0.186219 -0.13907
-14.1853 10.7244 3.45286 0.842141 0.480224 -0.186872 -0.159822
-14.1647 10.7167 3.4809 0.845099 0.467444 -0.186757 -0.180851
-14.1374 10.7013 3.5103 0.847145 0.454514 -0.186811 -0.202843
-14.1028 10.7023 3.55374 0.849249 0.440137 -0.188216 -0.223409
-14.0771 10.6765 3.5932 0.850436 0.42631 -0.186717 -0.24584
-14.0462 10.652 3.63565 0.851386 0.41183 -0.185319 -0.267353
-14.0046 10.6313 3.68655 0.85128 0.398316 -0.184896 -0.287689
-13.9507 10.6177 3.74414 0.851195 0.383933 -0.185867 -0.306271
-13.9241 10.5847 3.79205 0.851068 0.37022 -0.183205 -0.324568
-13.8802 10.5639 3.87104 0.851051 0.357193 -0.181761 -0.339672
-13.8314 10.5465 3.9182 0.850335 0.345213 -0.181029 -0.353944
-13.7933 10.5279 3.99868 0.85061 0.334245 -0.179855 -0.364259
-13.7642 10.471 4.06784 0.850333 0.324765 -0.176671 -0.374884
-13.7076 10.4529 4.12932 0.850271 0.31767 -0.17634 -0.381208
-13.662 10.4337 4.1901 0.850745 0.312668 -0.176284 -0.384298
-13.627 10.4038 4.23756 0.851302 0.310461 -0.175659 -0.38514
-13.5992 10.3788 4.31132 0.853069 0.310121 -0.17436 -0.382082
-13.5551 10.3596 4.35968 0.854867 0.311107 -0.17441 -0.377207
-13.5247 10.3298 4.4365 0.857863 0.314172 -0.172573 -0.368611
-13.4879 10.2977 4.50113 0.861126 0.317893 -0.17121 -0.358302
-13.4511 10.2566 4.57679 0.864049 0.323888 -0.170617 -0.345968
-13.4058 10.2253 4.65357 0.866868 0.331131 -0.170398 -0.331879
-13.3548 10.1944 4.72649 0.869672 0.339106 -0.171085 -0.315744
-13.1292 10.5813 4.24839 0.884639 0.318482 -0.228858 -0.252764
-13.0918 10.5784 4.30277 0.886256 0.32788 -0.230188 -0.233107
-13.0184 10.4726 4.28506 0.887171 0.331394 -0.234232 -0.220275
-12.8969 10.2295 4.18549 0.887632 0.330531 -0.237753 -0.2159
-12.871 10.1889 4.18439 0.88258 0.326475 -0.245852 -0.233039
-12.8414 10.1693 4.20139 0.875361 0.333362 -0.255917 -0.239593
-12.8163 10.1646 4.24444 0.876703 0.341689 -0.259888 -0.21768
-12.7807 10.1207 4.3166 0.885407 0.339331 -0.25479 -0.190456
-12.7069 10.0638 4.38923 0.885972 0.343924 -0.26053 -0.170806
-12.6259 10.0076 4.47255 0.885268 0.350932 -0.26475 -0.152756
-12.5352 9.93757 4.55386 0.883894 0.356188 -0.269377 -0.139914
-12.4363 9.86159 4.64843 0.883121 0.35991 -0.272759 -0.128226
-12.3367 9.78847 4.74903 0.883185 0.36121 -0.276033 -0.116597
-12.2375 9.71549 4.85702 0.883495 0.362053 -0.277318 -0.10829
-12.1305 9.64763 4.97823 0.883756 0.362706 -0.27889 -0.0995845
-12.0237 9.57093 5.09054 0.884209 0.361939 -0.280301 -0.0942514
-11.9153 9.49556 5.21791 0.884874 0.361497 -0.280073 -0.0903
-11.8056 9.40892 5.34492 0.885855 0.359689 -0.27952 -0.0896076
-11.6888 9.3334 5.47012 0.886757 0.35697 -0.280755 -0.0876782
-11.5739 9.25252 5.5893 0.887976 0.353199 -0.281693 -0.0876019
-11.4602 9.17266 5.70711 0.888924 0.35015 -0.282573 -0.0874003
-11.3401 9.06297 5.82516 0.889757 0.347346 -0.282079 -0.0915998
-11.238 8.93375 5.88684 0.890014 0.344114 -0.28265 -0.0992299
-11.1242 8.79487 5.98823 0.891632 0.339625 -0.281802 -0.102524
-11.0139 8.65865 6.10727 0.893807 0.33359 -0.281977 -0.102918
-10.9057 8.51669 6.22172 0.895989 0.328742 -0.279831 -0.105366
-10.7917 8.35396 6.3199 0.897471 0.324089 -0.27749 -0.113074
-10.8199 8.38341 6.34371 0.898524 0.318375 -0.283879 -0.104786
-10.9741 8.27089 6.3373 0.904767 0.269681 -0.270162 -0.189629
-10.9934 8.63058 6.07077 0.856629 0.269036 -0.425814 0.112996
-10.9061 8.59236 6.13492 0.860152 0.256089 -0.426659 0.113125
-10.9332 8.59076 6.19574 0.862234 0.26857 -0.423423 0.0735894
-10.8739 8.60332 6.23818 0.861982 0.263847 -0.426212 0.0774239
-10.8111 8.60898 6.31088 0.86358 0.257689 -0.425903 0.0819268
-10.6129 8.63972 6.29277 0.851889 0.257532 -0.448035 0.0866566
-10.4579 8.65228 6.3144 0.846312 0.259158 -0.457758 0.085639
-10.3215 8.65026 6.42085 0.845888 0.256102 -0.459362 0.0903128
-10.2136 8.67001 6.50366 0.8441 0.25991 -0.45993 0.0932251
-10.0657 8.65773 6.64535 0.843484 0.260156 -0.460055 0.0974008
-9.95517 8.66693 6.69876 0.839753 0.265561 -0.463989 0.0963957
-9.98312 8.69376 6.77286 0.842665 0.26964 -0.455934 0.0980745
-9.98683 8.73816 6.81015 0.838669 0.275305 -0.459061 0.101933
-9.91918 8.75828 6.84418 0.833051 0.282285 -0.465693 0.0987881
-9.96054 8.79816 6.86754 0.830756 0.290539 -0.465067 0.0971178
-9.92435 8.81742 6.89872 0.827016 0.298094 -0.467586 0.0940054
-9.90289 8.84702 6.93975 0.824477 0.303349 -0.468221 0.0963095
-9.85719 8.86294 7.00071 0.821683 0.308114 -0.469763 0.0975527
-9.7617 8.85612 7.11542 0.820801 0.311607 -0.46855 0.0996931
-9.76081 8.86161 7.19182 0.820023 0.315103 -0.467154 0.101634
-9.77991 8.84497 7.28863 0.820744 0.318009 -0.463978 0.101315
-9.64809 8.78665 7.47208 0.81984 0.318178 -0.465059 0.103127
-9.52169 8.70749 7.662 0.820153 0.317644 -0.465017 0.102481
-9.47027 8.61231 7.8588 0.82461 0.316137 -0.458886 0.0989409
-9.47591 8.58212 7.99075 0.828268 0.30427 -0.458479 0.107129
-9.49335 8.49767 8.15629 0.833263 0.309333 -0.446592 0.104058
-9.49062 8.4633 8.27936 0.835853 0.310157 -0.439665 0.110147
-9.40261 8.37009 8.33617 0.839226 0.295357 -0.446541 0.0966939
-9.14482 8.28235 8.39704 0.837762 0.293225 -0.450153 0.0991058
-8.89341 8.19233 8.44861 0.838105 0.286101 -0.454773 0.0958815
-8.64324 8.10617 8.49997 0.837224 0.281192 -0.459799 0.0941167
-8.40591 8.02677 8.54932 0.837646 0.273315 -0.46371 0.0943808
-8.34211 8.01391 8.50479 0.83673 0.268469 -0.468159 0.0944582
-8.22207 8.02796 8.38929 0.817286 0.277138 -0.497428 0.0899895
-7.97501 7.97358 8.41805 0.819099 0.269126 -0.498488 0.091931
-7.73223 7.93435 8.4415 0.820065 0.26106 -0.500512 0.0955112
-7.49504 7.90715 8.46639 0.821158 0.252444 -0.502565 0.098459
-7.28923 7.89858 8.4777 0.822887 0.243883 -0.503477 0.100908
-7.04942 7.89473 8.51191 0.826667 0.23427 -0.501057 0.10475
