1.8404758891473751
2.2874795135091803
0.5542707162360865
1.9149447913242057
1.0769446815524302
1.9004558101391928
2.639840284461625
1.9540754720051459
1.794734443351341
1.5601383511387747
1.603309024921507
2.0351942440888524
0.8620863350752962
1.110853257662079
1.6892438475106717
1.9275121109819378
1.4266205406455885
1.242651660968728
1.7378000163432892
1.6089029066006928
1.7167221487321684
1.9444835741531359
1.8329320777768998
1.6188977463384224
1.5179018513604927
1.4200628315547013
1.21349538856373
1.371505491858019
1.034209380700295
1.474288829884875
1.025905929566924
0.9745033917114707
2.241241354356356
1.1624614513996374
0.7100258031356518
1.7234746345580663
1.2400983827357077
1.2102243036162106
1.3539136294764897
1.7901218703505715
