0.261434536831133
2.593257314028379
3.1843621754408695
0.6653212999513195
0.9928129846491105
0.17569525358951443
0.38639277407159195
0.9041241367438297
0.5815049555633681
1.6781645509521532
0.4652099478750837
1.111103917848045
0.21957326337782385
0.5405708956106031
1.224427724960888
3.1218634774155203
3.640379516675935
0.42717626238359563
1.0709954638511652
1.1081028594830449
3.4503320829417623
0.7742660124450793
1.3406489689654095
0.6262321937334189
0.48393853903072576
1.5246129361049288
1.71907372345205
0.1698801429781135
2.8747758839018793
0.6252409080747803
0.3522612222354127
1.0443115082400285
0.758670665278087
0.7084123498107883
2.993560581799041
1.494515158022964
0.5546202761392351
1.7171457430886645
0.5243747774296943
0.8285522915082827
