0 0 0 0 0 0 1
0.000975758 0.0344733 -0.146813 -0.00129482 -0.00842647 -0.0094413 0.99992
-0.0344495 0.0601875 -0.28952 -0.00349714 -0.0155933 -0.0199359 0.999674
-0.00777143 0.0395884 -0.441488 -0.00816784 -0.0254546 -0.0303689 0.999182
-0.0603026 0.0686862 -0.616068 -0.010542 -0.0326196 -0.0413776 0.998557
-0.0444095 0.0847113 -0.798151 -0.014021 -0.0425314 -0.0524498 0.997621
-0.0874331 0.129998 -0.958962 -0.0166468 -0.0501437 -0.0642571 0.996536
-0.106664 0.158498 -1.11494 -0.0200128 -0.0587902 -0.0756905 0.995199
-0.0451927 0.209967 -1.29041 -0.021994 -0.0699401 -0.0860454 0.993594
-0.000483908 0.278399 -1.45301 -0.0232545 -0.0804691 -0.096843 0.991773
-0.0287897 0.285487 -1.58234 -0.0269257 -0.0885527 -0.1081 0.989828
-0.0259939 0.296806 -1.71244 -0.0299928 -0.0974341 -0.118538 0.987708
-0.0417417 0.272133 -1.83522 -0.0338869 -0.105751 -0.128442 0.985486
-0.0601677 0.269368 -1.94924 -0.0366945 -0.113464 -0.137635 0.983284
-0.0170743 0.284145 -2.05799 -0.0382445 -0.122753 -0.146333 0.980851
-0.0593324 0.277625 -2.16805 -0.0404604 -0.128749 -0.154303 0.97877
-0.072283 0.26483 -2.27504 -0.0420852 -0.134861 -0.161341 0.976742
0.0149754 0.30497 -2.36055 -0.040115 -0.143824 -0.167007 0.974593
0.0102925 0.295805 -2.42625 -0.0408342 -0.149442 -0.172733 0.972718
-0.0127347 0.319841 -2.47615 -0.0393706 -0.153646 -0.177646 0.971239
-0.0369321 0.323708 -2.52044 -0.0375963 -0.157152 -0.182167 0.96991
-0.0352172 0.321881 -2.56353 -0.0354341 -0.160433 -0.182393 0.969412
-0.0631786 0.31599 -2.60007 -0.0331026 -0.161828 -0.183586 0.969038
-0.0578709 0.320933 -2.60092 -0.0286255 -0.164217 -0.183408 0.968812
-0.0615783 0.291577 -2.6122 -0.0240239 -0.165638 -0.183093 0.968755
-0.0469605 0.263203 -2.62411 -0.01891 -0.166928 -0.181969 0.968859
-0.0184623 0.252341 -2.61705 -0.0129134 -0.168379 -0.18083 0.968919
-0.00065721 0.23722 -2.61242 -0.00656721 -0.168933 -0.179619 0.969112
0.0230204 0.250183 -2.61462 0.000761143 -0.168856 -0.17881 0.969297
0.0122871 0.237038 -2.62454 0.00722918 -0.167161 -0.176104 0.970058
-0.0144814 0.241197 -2.62832 0.0141854 -0.164558 -0.173218 0.970946
-0.017942 0.238237 -2.62533 0.0206405 -0.1626 -0.169512 0.971815
0.00144454 0.247478 -2.63048 0.0276155 -0.161009 -0.165017 0.97268
-0.0292196 0.256532 -2.65443 0.0336495 -0.157206 -0.160876 0.973805
-0.0502375 0.246783 -2.68933 0.0383345 -0.153441 -0.157763 0.974742
-0.0509871 0.277045 -2.71675 0.0446276 -0.149997 -0.153787 0.975646
-0.0464308 0.251127 -2.74966 0.0481704 -0.146962 -0.150415 0.976465
-0.0519568 0.295285 -2.78035 0.052741 -0.143151 -0.149478 0.97694
-0.0607217 0.337099 -2.82139 0.0569695 -0.1389 -0.148323 0.977492
-0.0390102 0.403167 -2.85351 0.0617105 -0.135571 -0.146873 0.977891
-0.00719742 0.43383 -2.91129 0.0638072 -0.13255 -0.146234 0.978265
-0.0252972 0.452128 -2.97074 0.0646856 -0.128093 -0.146137 0.978816
-0.0320937 0.482841 -3.02362 0.0656458 -0.124173 -0.146731 0.979168
-0.00928801 0.483395 -3.08421 0.0649656 -0.121286 -0.147954 0.979391
-0.00200386 0.478781 -3.14304 0.0641907 -0.117851 -0.150323 0.979501
0.0141532 0.491045 -3.21796 0.0628057 -0.114283 -0.152216 0.979722
0.0330655 0.503428 -3.29406 0.0609221 -0.110743 -0.154379 0.979909
0.0270317 0.470667 -3.37945 0.0569974 -0.106355 -0.156907 0.980231
0.0267265 0.492958 -3.45804 0.0552613 -0.102101 -0.158807 0.980477
0.0482209 0.505591 -3.56348 0.0528255 -0.0975803 -0.161025 0.98071
0.0832382 0.496095 -3.66214 0.0498277 -0.0936353 -0.163784 0.980794
0.0645404 0.521903 -3.74202 0.0482483 -0.0876444 -0.165456 0.981147
0.0709874 0.519828 -3.81248 0.0462795 -0.0822682 -0.166504 0.98153
0.0775804 0.509218 -3.90667 0.0443679 -0.0762173 -0.16655 0.982099
0.108084 0.506206 -3.98784 0.0435899 -0.0705117 -0.166717 0.982532
0.0417667 0.529263 -4.04347 0.0438905 -0.0616997 -0.165232 0.983363
0.0359143 0.504107 -4.09695 0.0435343 -0.0542551 -0.163736 0.984067
0.0339787 0.500367 -4.14877 0.044517 -0.0461766 -0.161125 0.984866
0.00343195 0.526517 -4.19055 0.0474192 -0.0366516 -0.157558 0.985708
-0.00294831 0.530147 -4.23276 0.0507294 -0.0273424 -0.153265 0.986522
-0.00326504 0.654387 -4.24737 0.059398 -0.0168395 -0.146725 0.987275
-0.0305365 0.559366 -4.25384 0.0623031 -0.00633545 -0.138487 0.988409
0.039635 0.609195 -4.26682 0.0720594 0.00276561 -0.128459 0.989117
0.024999 0.594322 -4.25386 0.0805264 0.0144462 -0.117641 0.989708
0.0249662 0.598699 -4.24855 0.0904788 0.0261622 -0.105349 0.989993
-0.00468982 0.582879 -4.26254 0.100529 0.0390035 -0.0922001 0.989913
-0.0398242 0.568698 -4.28297 0.111278 0.0522737 -0.0781356 0.989361
-0.0207676 0.577937 -4.30386 0.123749 0.0638786 -0.0636482 0.988236
-0.0492988 0.562023 -4.32349 0.135647 0.0766197 -0.0487286 0.986616
-0.0763423 0.531408 -4.37608 0.146815 0.0895477 -0.0335562 0.98456
-0.0822298 0.526621 -4.42682 0.15912 0.101465 -0.0181401 0.981894
-0.0748221 0.516687 -4.43972 0.171655 0.11253 -0.0028155 0.978736
-0.0695899 0.514766 -4.47496 0.183956 0.122952 0.0124921 0.975165
-0.0645526 0.529039 -4.52713 0.196725 0.133085 0.0270362 0.971039
0.0207607 0.601486 -4.57354 0.210084 0.14004 0.0416784 0.966735
0.0154149 0.583806 -4.58343 0.220856 0.148722 0.0545756 0.962387
0.00153899 0.622421 -4.60677 0.232806 0.157098 0.0674472 0.957411
0.128948 0.597006 -4.66073 0.24097 0.159708 0.0789475 0.954076
0.0980364 0.586519 -4.7071 0.249382 0.166282 0.0891207 0.949887
0.122161 0.638566 -4.75453 0.258101 0.169865 0.0974404 0.946101
0.147803 0.609967 -4.83052 0.263465 0.173089 0.106269 0.943083
0.139712 0.615601 -4.86535 0.267026 0.178332 0.103908 0.941366
0.122308 0.614563 -4.94153 0.269531 0.182338 0.104056 0.939868
0.109481 0.652604 -4.99281 0.272675 0.183915 0.101257 0.938959
0.0901129 0.686105 -5.05208 0.27514 0.184035 0.0981189 0.938549
0.0917206 0.643066 -5.17952 0.274354 0.183227 0.0990825 0.938837
0.123748 0.662386 -5.15645 0.275019 0.181252 0.0992165 0.939012
0.152437 0.671231 -5.25321 0.275247 0.177592 0.099889 0.939574
0.145111 0.680184 -5.29875 0.275339 0.174454 0.100897 0.940028
0.145446 0.675297 -5.3212 0.275109 0.17082 0.102236 0.940618
0.139927 0.669652 -5.42783 0.274341 0.166443 0.103693 0.941467
0.102608 0.691695 -5.50343 0.274602 0.162985 0.104745 0.941881
0.069834 0.686153 -5.54194 0.273289 0.159119 0.106416 0.942736
0.0875957 0.685047 -5.69029 0.270793 0.154713 0.10392 0.944467
0.0959072 0.679785 -5.84211 0.267788 0.151598 0.0988913 0.946368
0.0560201 0.674051 -5.88775 0.266682 0.149867 0.0917681 0.947673
0.0589071 0.683788 -6.06635 0.264782 0.148452 0.0879401 0.948791
0.0477594 0.631752 -6.2014 0.262063 0.147437 0.0829959 0.950149
0.0484468 0.644403 -6.33675 0.260598 0.147189 0.07889 0.95094
0.0268077 0.579853 -6.44637 0.260139 0.148024 0.0721542 0.951472
0.0695897 0.607143 -6.62145 0.259204 0.148857 0.0694609 0.951799
0.107991 0.656562 -6.80396 0.259413 0.150912 0.0668068 0.951609
0.137681 0.668737 -7.00959 0.258508 0.154818 0.0662922 0.951264
0.139767 0.703069 -7.19779 0.259239 0.159888 0.0638367 0.950396
0.156247 0.71587 -7.34789 0.260255 0.165213 0.061545 0.949359
0.160215 0.687587 -7.57918 0.260386 0.172092 0.0614932 0.948106
0.199914 0.729857 -7.78166 0.262953 0.178085 0.0596347 0.946408
0.16655 0.615716 -7.98918 0.261326 0.186761 0.0589158 0.945232
0.21042 0.643029 -8.16035 0.264375 0.193611 0.0580697 0.943055
0.247739 0.678664 -8.17384 0.268489 0.20138 0.0570705 0.940324
0.027327 0.70533 -8.51579 0.273481 0.212946 0.0518045 0.936643
0.0446998 0.748373 -8.72371 0.277437 0.220454 0.0504793 0.933813
0.0127654 0.798688 -8.93415 0.280775 0.228887 0.050866 0.930758
-0.0120811 0.813913 -8.93326 0.284933 0.236753 0.0464743 0.927755
0.00871405 0.831164 -8.94858 0.288597 0.246771 0.0516488 0.92373
-0.0179338 0.784017 -9.12419 0.289576 0.255368 0.0522902 0.921047
-0.160008 0.807266 -9.11846 0.292819 0.265776 0.0533224 0.917011
-0.275661 0.849133 -9.24185 0.296046 0.274089 0.0528853 0.91355
-0.287699 0.806408 -9.30027 0.297915 0.279216 0.0514083 0.911474
-0.282385 0.842625 -9.42711 0.300276 0.282842 0.0522364 0.909532
-0.318873 0.873748 -9.45375 0.299718 0.288342 0.0510192 0.908058
-0.261035 0.914197 -9.63583 0.299664 0.289566 0.0521884 0.907622
-0.223267 0.943969 -9.61478 0.300269 0.289461 0.0519677 0.907468
-0.211342 1.0144 -9.84961 0.301534 0.287975 0.047391 0.907772
-0.232914 1.00208 -10.0437 0.30046 0.292829 0.0516439 0.906343
-0.309622 0.95498 -10.1898 0.304252 0.303421 0.0621339 0.900919
-0.356313 0.987993 -10.3525 0.307445 0.30838 0.061036 0.898223
-0.392099 0.98358 -10.5733 0.305752 0.306431 0.0639382 0.899266
-0.434656 1.02566 -10.7731 0.306173 0.304907 0.0610606 0.89984
-0.481593 1.01534 -10.9494 0.304058 0.307627 0.060949 0.899639
-0.537374 0.986994 -11.085 0.302549 0.315887 0.061826 0.897223
-0.596493 0.932189 -11.2576 0.29815 0.318487 0.0650233 0.89755
-0.645343 0.887117 -11.4236 0.29569 0.321205 0.0686926 0.897122
-0.692428 0.83442 -11.5534 0.293273 0.327276 0.0704886 0.895581
-0.756316 0.881353 -11.6543 0.298434 0.334512 0.0629649 0.891755
-0.814351 0.820104 -11.7698 0.296025 0.343165 0.0672697 0.888952
-0.876102 0.793452 -11.8742 0.291772 0.353326 0.0676135 0.886348
-0.908879 0.756172 -12.0002 0.288809 0.358886 0.071628 0.884768
-0.947023 0.760384 -12.1216 0.287055 0.3649 0.0708551 0.882939
-1.0025 0.76728 -12.2042 0.285364 0.376403 0.0681902 0.878859
-1.03391 0.728425 -12.3022 0.280598 0.387822 0.0733328 0.875007
-1.08705 0.735878 -12.3413 0.277751 0.406795 0.0666946 0.867803
-1.11113 0.704588 -12.4349 0.271318 0.42127 0.0676331 0.862846
-1.1481 0.701244 -12.502 0.266088 0.438695 0.0658704 0.855901
-1.16058 0.678041 -12.5775 0.258567 0.454976 0.0684403 0.849482
-1.17659 0.741578 -12.6776 0.261363 0.466917 0.0683048 0.842127
-1.1922 0.735695 -12.7202 0.254116 0.484671 0.0615571 0.834804
-1.20508 0.702908 -12.7348 0.244726 0.506818 0.0663598 0.824022
-1.23128 0.721595 -12.7656 0.240643 0.52614 0.0681208 0.812897
-1.18425 0.764967 -12.8615 0.235719 0.534595 0.0696089 0.808687
-1.17571 0.759708 -12.9095 0.22827 0.54853 0.0694626 0.801473
-1.20863 0.733124 -12.9223 0.222089 0.567014 0.0718587 0.790056
-1.22788 0.730657 -12.9488 0.21835 0.583077 0.0809546 0.778444
-1.22188 0.74681 -12.981 0.214641 0.59575 0.0878512 0.769078
-1.21828 0.79352 -13.0293 0.210447 0.604049 0.0843112 0.764145
-1.1979 0.780584 -13.0669 0.202035 0.612951 0.0864292 0.759075
-1.22508 0.754005 -13.0607 0.195044 0.62542 0.0865678 0.750672
-1.24747 0.738695 -13.0637 0.190405 0.635961 0.0899118 0.742573
-1.25305 0.800774 -13.051 0.195538 0.642359 0.0958709 0.734949
-1.22376 0.853306 -13.1251 0.19201 0.638833 0.0900381 0.739674
-1.24897 0.773315 -13.1158 0.187318 0.642924 0.0953712 0.736659
-1.2769 0.781713 -13.1253 0.180904 0.645542 0.0901724 0.736628
-1.27263 0.826438 -13.1211 0.175246 0.644731 0.0837598 0.739458
-1.29396 0.842017 -13.1175 0.167895 0.643382 0.0756942 0.743198
-1.24156 0.847808 -13.1837 0.160133 0.630362 0.0661652 0.75685
-1.27536 0.815216 -13.1397 0.149743 0.629468 0.0554078 0.760576
-1.30097 0.8319 -13.1246 0.145252 0.625032 0.0504509 0.765433
-1.28155 0.857938 -13.1785 0.136304 0.611924 0.0418276 0.778083
-1.28082 0.818245 -13.1791 0.126543 0.602161 0.0298115 0.78784
-1.30399 0.78863 -13.1445 0.119036 0.596359 0.0239178 0.793602
-1.33297 0.807363 -13.1299 0.113898 0.588612 0.0148907 0.800331
-1.30975 0.848957 -13.1879 0.107599 0.572389 0.00911883 0.812955
-1.31529 0.913254 -13.2215 0.10928 0.559172 -0.0032705 0.821922
-1.33556 0.883575 -13.2395 0.101715 0.550368 -0.00873516 0.828767
-1.33983 0.828739 -13.2305 0.091919 0.54337 -0.0118193 0.834471
-1.35661 0.822774 -13.2904 0.087382 0.532054 -0.019078 0.84208
-1.43829 0.793658 -13.2007 0.0782902 0.539402 -0.0222301 0.838215
-1.43557 0.860736 -13.283 0.0787162 0.530071 -0.0247514 0.844036
-1.44018 0.862965 -13.3262 0.0764854 0.52588 -0.0259048 0.846823
-1.45262 0.878172 -13.389 0.0740681 0.521404 -0.0310259 0.849629
-1.48979 0.859022 -13.4128 0.0715522 0.524729 -0.0282781 0.847892
-1.48363 0.873045 -13.4564 0.070935 0.528789 -0.023078 0.845576
-1.49537 0.908383 -13.517 0.0718971 0.534633 -0.015615 0.841984
-1.48135 0.908436 -13.6305 0.0720726 0.536536 -0.0132077 0.840799
-1.5 0.920966 -13.6935 0.0739897 0.545989 -0.0066105 0.834604
-1.55234 0.926863 -13.6858 0.0774447 0.564473 0.00660157 0.821899
-1.5577 1.02012 -13.7958 0.0796849 0.572571 0.0148721 0.815954
-1.55497 1.02906 -13.88 0.0833548 0.584534 0.0268717 0.806748
-1.57841 0.98676 -13.9503 0.0834293 0.600755 0.0410659 0.79413
-1.59583 0.976915 -14.0212 0.0853656 0.616319 0.0528655 0.781197
-1.61896 0.981462 -14.1069 0.0875596 0.630688 0.0669307 0.768303
-1.63894 0.990015 -14.1861 0.0895454 0.647812 0.0804988 0.752363
-1.66371 1.00059 -14.2736 0.0950251 0.663583 0.0944066 0.736158
-1.69451 0.998728 -14.3603 0.0990803 0.678126 0.105039 0.720774
-1.72085 1.0106 -14.4439 0.103725 0.692835 0.118163 0.703906
-1.74844 1.02467 -14.5267 0.106748 0.706278 0.131046 0.687631
-1.77244 1.03564 -14.612 0.108855 0.718502 0.14222 0.672249
-1.79276 1.03127 -14.6896 0.109305 0.729952 0.151183 0.657734
-1.81964 1.03191 -14.762 0.113296 0.739628 0.157914 0.64454
-1.85202 1.05776 -14.8446 0.117194 0.74691 0.164793 0.633635
-1.87161 1.07779 -14.9228 0.117162 0.754156 0.16995 0.623621
-1.88795 1.05883 -14.9744 0.115598 0.762301 0.171016 0.613645
-1.91394 1.0691 -15.0384 0.116733 0.767186 0.172182 0.606984
-1.9365 1.0904 -15.1053 0.117958 0.770553 0.172969 0.602242
-1.95998 1.09586 -15.1705 0.118116 0.77285 0.173879 0.598999
-1.97528 1.11376 -15.2227 0.117998 0.775023 0.171594 0.596872
-1.99488 1.09531 -15.2736 0.117832 0.775874 0.170061 0.596237
-2.02129 1.11556 -15.3268 0.119219 0.775179 0.167451 0.597603
-2.03706 1.14039 -15.3857 0.116309 0.773836 0.162934 0.601152
-2.05292 1.14341 -15.4287 0.114325 0.772382 0.157307 0.604889
-2.07281 1.1313 -15.4594 0.111946 0.771065 0.152327 0.608279
-2.09458 1.1377 -15.4941 0.1108 0.768195 0.146469 0.613533
-2.11347 1.1484 -15.5386 0.108004 0.764381 0.141242 0.619984
-2.12705 1.16626 -15.5759 0.104193 0.760681 0.134768 0.626591
-2.13783 1.16753 -15.6053 0.100142 0.757001 0.129603 0.632766
-2.14783 1.15667 -15.6275 0.0965653 0.753089 0.124574 0.638966
-2.16584 1.15591 -15.6493 0.094421 0.748145 0.119851 0.645958
-2.18237 1.18252 -15.6745 0.0923198 0.742752 0.114164 0.653469
-2.19054 1.19834 -15.6959 0.0885489 0.73797 0.110783 0.659956
-2.19416 1.1891 -15.7126 0.0839512 0.733269 0.108513 0.666143
-2.20624 1.18116 -15.7265 0.0803953 0.727841 0.106427 0.672836
-2.20847 1.20068 -15.7352 0.0768885 0.723307 0.105548 0.67825
-2.20742 1.18957 -15.7313 0.0728686 0.719482 0.105083 0.682817
-2.21817 1.17805 -15.738 0.0698858 0.714874 0.108609 0.687401
-2.22486 1.21072 -15.7586 0.0669031 0.710449 0.109936 0.692057
-2.22837 1.19229 -15.7706 0.0615442 0.70838 0.114255 0.693973
-2.24328 1.1814 -15.7931 0.0583461 0.704907 0.119061 0.69697
-2.25903 1.19245 -15.8307 0.0564567 0.700972 0.124876 0.700069
-2.27588 1.21595 -15.8718 0.0528595 0.699115 0.131916 0.700915
-2.28888 1.21111 -15.9127 0.0487088 0.698008 0.140808 0.70059
-2.30858 1.20483 -15.9522 0.0448526 0.697806 0.148615 0.699435
-2.33031 1.20312 -16.0101 0.0416128 0.696377 0.157697 0.699071
-2.36015 1.21635 -16.0719 0.0392547 0.696107 0.167251 0.697254
-2.39121 1.24024 -16.138 0.0373382 0.697455 0.177811 0.69339
-2.41616 1.25054 -16.2109 0.0344319 0.698857 0.190912 0.688631
-2.44356 1.24689 -16.2901 0.0311885 0.700695 0.203414 0.683319
-2.48425 1.24774 -16.3686 0.0299467 0.702791 0.216228 0.677262
-2.52804 1.27291 -16.4615 0.0291257 0.705099 0.229137 0.670625
-2.57556 1.30888 -16.5731 0.0304336 0.707157 0.241866 0.663898
-2.61829 1.32895 -16.6815 0.0291695 0.711291 0.257445 0.653604
-2.65965 1.30746 -16.7836 0.0273572 0.716227 0.27396 0.641471
-2.71606 1.32768 -16.9031 0.0217323 0.720194 0.283553 0.633025
-2.77185 1.348 -17.0299 0.0133127 0.725613 0.293412 0.622493
-2.81899 1.37443 -17.1737 0.00616596 0.730855 0.304712 0.610944
-2.88103 1.40512 -17.3078 0.00124005 0.736709 0.315879 0.598143
-2.93795 1.41829 -17.442 -0.00518006 0.742023 0.328405 0.584663
-3.00135 1.44334 -17.5659 -0.0107036 0.74858 0.339638 0.569629
-3.06728 1.48444 -17.7007 -0.0151818 0.754086 0.350854 0.555296
-3.13974 1.51164 -17.8462 -0.0189991 0.759071 0.362647 0.540629
-3.21056 1.54306 -17.9937 -0.0228233 0.763808 0.374298 0.525674
-3.30137 1.58877 -18.1036 -0.0252971 0.770455 0.383224 0.509187
-3.39376 1.60398 -18.2523 -0.0282685 0.774171 0.395314 0.493771
-3.48748 1.64942 -18.3994 -0.029431 0.778113 0.405202 0.479278
-3.57776 1.6816 -18.5374 -0.0305065 0.782605 0.41413 0.46402
-3.70308 1.72282 -18.6533 -0.0296979 0.78674 0.422005 0.449764
-3.84581 1.75465 -18.7473 -0.0288083 0.79155 0.427897 0.435591
-3.98721 1.80407 -18.8062 -0.0260993 0.796172 0.4324 0.422699
-4.17025 1.85031 -18.7586 -0.0223482 0.800847 0.43503 0.411225
-4.30107 1.86226 -18.6834 -0.0227208 0.803466 0.437465 0.403438
-4.40545 1.86844 -18.5382 -0.0306877 0.806832 0.432298 0.401758
-4.52218 1.88062 -18.3906 -0.0391017 0.809213 0.425756 0.403222
-4.57288 1.87177 -18.2069 -0.0502781 0.811992 0.416607 0.405942
-4.61901 1.83475 -18.0332 -0.0635672 0.81339 0.407152 0.410843
-4.65233 1.81443 -17.8472 -0.0769471 0.81465 0.395129 0.417741
-4.70566 1.81918 -17.6617 -0.0882395 0.815265 0.379476 0.428678
-4.7551 1.80977 -17.46 -0.100631 0.81517 0.362556 0.440607
-4.79933 1.81365 -17.2613 -0.112591 0.814154 0.344805 0.453649
-4.83978 1.8013 -17.0977 -0.125061 0.810765 0.327769 0.468829
-4.87294 1.79866 -16.8898 -0.137559 0.808185 0.307423 0.483343
-4.8854 1.77119 -16.6749 -0.151769 0.804813 0.28789 0.496566
-4.93288 1.76295 -16.4855 -0.162453 0.799738 0.268061 0.512424
-4.95629 1.75876 -16.2734 -0.174179 0.795112 0.247887 0.525742
-4.97572 1.72112 -16.0737 -0.185631 0.788397 0.230753 0.539541
-4.98336 1.7025 -15.8274 -0.196026 0.783541 0.21188 0.550559
-5.02357 1.68567 -15.5966 -0.204444 0.777711 0.193767 0.562302
-5.04342 1.67186 -15.3852 -0.211318 0.771695 0.17901 0.572834
-5.06292 1.67237 -15.1659 -0.216195 0.766416 0.164555 0.582351
-5.08296 1.65347 -14.9418 -0.221028 0.76113 0.152607 0.590658
-5.10496 1.62781 -14.7038 -0.224665 0.757358 0.142856 0.596541
-5.13316 1.63559 -14.4809 -0.22385 0.75488 0.135564 0.601665
-5.14543 1.62827 -14.2486 -0.223243 0.753684 0.132485 0.60407
-5.13773 1.59141 -13.9837 -0.224183 0.75484 0.133711 0.602007
-5.14887 1.58484 -13.7462 -0.219771 0.75677 0.136022 0.600692
-5.17443 1.56433 -13.5109 -0.214868 0.759571 0.142171 0.5975
-5.19217 1.58604 -13.2728 -0.206191 0.764485 0.149075 0.59259
-5.19838 1.55206 -13.0182 -0.199578 0.769846 0.161456 0.584622
-5.217 1.54298 -12.7693 -0.189838 0.776229 0.173874 0.575804
-5.24214 1.53893 -12.4965 -0.179572 0.78363 0.187332 0.564754
-5.27088 1.52809 -12.2547 -0.168355 0.79014 0.204322 0.553137
-5.28882 1.51799 -11.9995 -0.157168 0.79692 0.222648 0.539474
-5.31707 1.49698 -11.7273 -0.146883 0.803984 0.241776 0.523434
-5.35361 1.48999 -11.4823 -0.134389 0.810129 0.260436 0.508158
-5.41577 1.47153 -11.2314 -0.12246 0.815726 0.279865 0.491413
-5.47986 1.47526 -10.9791 -0.108124 0.821591 0.298487 0.473729
-5.55934 1.46682 -10.7494 -0.0952111 0.825434 0.318909 0.456184
-5.63741 1.45612 -10.493 -0.083357 0.830008 0.337139 0.436679
-5.73171 1.45005 -10.2295 -0.0724467 0.833978 0.354536 0.41683
-5.82751 1.43909 -9.97223 -0.0620535 0.836846 0.371614 0.39743
-5.92831 1.43436 -9.72379 -0.0526488 0.839072 0.387316 0.378655
-6.02976 1.42985 -9.46974 -0.0442447 0.841901 0.400825 0.358873
-6.11646 1.4049 -9.23408 -0.0409077 0.843479 0.414567 0.339426
-6.21236 1.38665 -9.00694 -0.0339052 0.848526 0.417508 0.323643
-6.31643 1.39092 -8.77026 -0.0267528 0.854461 0.416911 0.309139
-6.36212 1.38407 -8.77757 -0.0291877 0.854842 0.418694 0.305432
-6.46372 1.38316 -8.56273 -0.0267949 0.860502 0.417289 0.291355
-6.57258 1.35717 -8.35827 -0.0271148 0.863873 0.419158 0.278376
-6.67612 1.34255 -8.14318 -0.0291172 0.868269 0.418197 0.265649
-6.77425 1.32578 -7.94426 -0.0320541 0.871948 0.417973 0.253326
-6.8881 1.31652 -7.73951 -0.036259 0.875543 0.4162 0.243069
-6.99659 1.31138 -7.53328 -0.0411253 0.879459 0.413299 0.232895
-7.10104 1.29494 -7.33904 -0.0468662 0.881828 0.412746 0.223645
-7.22315 1.28888 -7.13178 -0.05202 0.884385 0.410447 0.216528
-7.34657 1.26553 -6.94487 -0.056132 0.88568 0.410193 0.210606
-7.44461 1.25848 -6.76068 -0.0617313 0.887407 0.409063 0.203861
-7.55594 1.23565 -6.57992 -0.0671332 0.887621 0.409592 0.200124
-7.67335 1.22191 -6.39396 -0.0713284 0.888078 0.409145 0.197543
-7.80035 1.21186 -6.21169 -0.0741265 0.888554 0.408046 0.196641
-7.91597 1.20128 -6.02673 -0.0769125 0.889146 0.406676 0.195732
-8.0239 1.17839 -5.86047 -0.0793463 0.888416 0.407767 0.19581
-8.14084 1.1608 -5.69664 -0.079396 0.887864 0.408072 0.197648
-8.25255 1.14048 -5.53002 -0.0788576 0.886953 0.408777 0.200478
-8.36649 1.12719 -5.36874 -0.0750663 0.889562 0.401922 0.204201
-8.48284 1.10954 -5.2149 -0.0706632 0.891774 0.395111 0.209351
-8.6055 1.08657 -5.06964 -0.0634612 0.893235 0.389406 0.216011
-8.72127 1.06776 -4.9247 -0.055345 0.894819 0.382991 0.223042
-8.84107 1.04811 -4.77207 -0.0458781 0.89636 0.375939 0.230864
-8.95918 1.0186 -4.61672 -0.0363957 0.897703 0.368677 0.238906
-9.09174 0.992168 -4.49343 -0.0253114 0.897742 0.362642 0.249207
-9.21082 0.967106 -4.35873 -0.0149882 0.898122 0.355253 0.259122
-9.32368 0.941833 -4.22311 -0.00355421 0.898097 0.347853 0.269451
-9.42257 0.920269 -4.08343 0.00719884 0.897956 0.339961 0.279726
-9.53365 0.894545 -3.95006 0.0188706 0.896701 0.33278 0.291592
-9.6606 0.862742 -3.83613 0.0307632 0.894589 0.3262 0.304229
-9.77118 0.845607 -3.72041 0.0413177 0.892837 0.318258 0.3163
-9.89272 0.815665 -3.60952 0.0520117 0.889921 0.31131 0.329575
-10.0056 0.797136 -3.50518 0.0622236 0.88663 0.303679 0.343502
-10.1156 0.769684 -3.40751 0.0712096 0.882536 0.297588 0.357354
-10.2356 0.748562 -3.30867 0.080058 0.877992 0.290685 0.372056
-10.3508 0.738345 -3.22627 0.0884976 0.872846 0.283632 0.387381
-10.4682 0.707284 -3.14921 0.0939613 0.867202 0.277867 0.40265
-10.5868 0.687773 -3.07693 0.0988604 0.861423 0.271695 0.41781
-10.7185 0.665142 -3.013 0.101168 0.854337 0.265749 0.435271
-10.8168 0.648734 -2.93242 0.100526 0.848476 0.259311 0.450503
-10.9108 0.629047 -2.86053 0.101157 0.841863 0.25442 0.465315
-11.0205 0.602642 -2.79028 0.100639 0.834144 0.250394 0.481243
-11.1395 0.58838 -2.73411 0.100455 0.826149 0.24601 0.497076
-11.2493 0.556007 -2.7016 0.0993882 0.817309 0.244635 0.512518
-11.3709 0.54441 -2.65956 0.0971128 0.808485 0.240205 0.528771
-11.4609 0.512241 -2.62704 0.0934563 0.799743 0.239616 0.542793
-11.563 0.49898 -2.57444 0.088583 0.791641 0.235381 0.557139
-11.6712 0.490758 -2.53042 0.0838028 0.782879 0.231011 0.571882
-11.7565 0.492873 -2.4842 0.0778299 0.774507 0.226924 0.585589
-11.8362 0.469448 -2.43905 0.0710751 0.766996 0.225238 0.596869
-11.9091 0.436606 -2.41401 0.0633909 0.758709 0.224578 0.608455
-12.0033 0.425417 -2.38588 0.0576631 0.750325 0.221683 0.620361
-12.0906 0.421454 -2.34926 0.0512245 0.742998 0.218658 0.630728
-12.1739 0.405246 -2.32972 0.0467076 0.735568 0.217838 0.639999
-12.2393 0.397254 -2.3055 0.040362 0.728438 0.216231 0.649062
-12.3061 0.380718 -2.28508 0.0342712 0.721952 0.215395 0.656887
-12.3737 0.365778 -2.27947 0.0299352 0.715485 0.215077 0.664235
-12.4369 0.351373 -2.24707 0.025193 0.710602 0.213748 0.670075
-12.496 0.341382 -2.22816 0.0214596 0.706075 0.213092 0.675179
-12.5474 0.336537 -2.20514 0.018044 0.702442 0.212133 0.679356
-12.605 0.322104 -2.18306 0.0154067 0.700021 0.211569 0.68209
-12.6445 0.320753 -2.17073 0.0135415 0.69781 0.21126 0.684486
-12.6931 0.311722 -2.16112 0.012461 0.696551 0.211388 0.685749
-12.7286 0.310763 -2.16195 0.012291 0.695165 0.211597 0.687093
-12.762 0.312091 -2.13191 0.0120669 0.695785 0.210846 0.6867
-12.7886 0.307789 -2.13638 0.012085 0.695597 0.211623 0.686652
-12.8035 0.312719 -2.12799 0.0127898 0.696235 0.211928 0.685899
-12.8284 0.307515 -2.13776 0.0136493 0.696412 0.212443 0.685543
-12.8331 0.302069 -2.13406 0.0139642 0.697513 0.213766 0.684005
-12.8412 0.293459 -2.12796 0.0144124 0.699148 0.214438 0.682114
-12.8428 0.292502 -2.12225 0.0150653 0.700893 0.215347 0.680021
-12.8472 0.2883 -2.10882 0.0161412 0.703185 0.216138 0.677375
-12.853 0.290147 -2.13307 0.0181854 0.70384 0.218276 0.675956
-12.8575 0.293917 -2.13305 0.019628 0.70572 0.219688 0.673495
-12.8602 0.292511 -2.12773 0.0201906 0.707761 0.220996 0.670904
-12.8766 0.284497 -2.13722 0.0211351 0.709123 0.222521 0.668931
-12.8873 0.291702 -2.11998 0.0224612 0.711519 0.223669 0.665956
-12.8964 0.276326 -2.12508 0.0224651 0.712857 0.226164 0.66368
-12.9151 0.26739 -2.12942 0.0233092 0.714065 0.228086 0.661692
-12.9306 0.269322 -2.11796 0.0238198 0.715559 0.228916 0.659771
-12.9404 0.259001 -2.11928 0.0240285 0.716483 0.23066 0.658154
-12.9501 0.269766 -2.12642 0.0253581 0.717062 0.231977 0.657009
-12.9588 0.264509 -2.10896 0.0250747 0.718285 0.232835 0.655381
-12.9749 0.259484 -2.10754 0.0252396 0.718713 0.233863 0.654539
-12.9945 0.253677 -2.11927 0.0250342 0.718332 0.235302 0.654449
-13.017 0.246915 -2.10081 0.0246149 0.718921 0.235301 0.65382
-13.0433 0.25418 -2.08917 0.025055 0.7191 0.235058 0.653695
-13.0716 0.243434 -2.10376 0.025089 0.717933 0.236196 0.654565
-13.1113 0.23576 -2.0816 0.0245901 0.717859 0.23521 0.65502
-13.1598 0.233449 -2.06232 0.0246994 0.717412 0.23415 0.655885
-13.2189 0.224332 -2.04344 0.0243034 0.716541 0.231908 0.657647
-13.2828 0.227593 -2.0471 0.0249641 0.714541 0.230707 0.660215
-13.3472 0.210844 -2.03717 0.0242528 0.712746 0.228582 0.662914
-13.4316 0.200973 -1.99729 0.0245618 0.711853 0.224742 0.665171
-13.5175 0.177272 -1.9866 0.0246099 0.709677 0.221472 0.668582
-13.6168 0.170095 -1.9728 0.026021 0.70698 0.217033 0.672826
-13.7259 0.164134 -1.94726 0.0274009 0.70447 0.211229 0.677235
-13.8334 0.131051 -1.92952 0.0276594 0.700933 0.206824 0.682234
-13.9516 0.126852 -1.91641 0.0295919 0.69721 0.19976 0.688046
-14.0771 0.098629 -1.89504 0.0310606 0.693283 0.193123 0.693818
-14.204 0.0873999 -1.87817 0.0327693 0.688653 0.185224 0.700471
-14.3131 0.0487336 -1.85976 0.0326466 0.683676 0.177979 0.707196
-14.4616 0.0240793 -1.82371 0.0351374 0.679571 0.169501 0.713091
-14.6109 0.0399516 -1.80623 0.0397345 0.674136 0.160028 0.72016
-14.7688 0.0203895 -1.79957 0.0414904 0.668109 0.151861 0.727408
-14.9129 -0.024404 -1.78424 0.0415216 0.662023 0.144734 0.734389
-15.076 -0.0567828 -1.79265 0.0427419 0.654855 0.137602 0.742074
-15.2433 -0.0864912 -1.77061 0.0437578 0.649147 0.131421 0.748125
-15.3934 -0.122138 -1.78218 0.0438226 0.641312 0.126353 0.755711
-15.5654 -0.150105 -1.79367 0.0440572 0.633675 0.121254 0.76294
-15.7398 -0.152266 -1.76106 0.0451856 0.628306 0.115856 0.768134
-15.9165 -0.164663 -1.73723 0.0449696 0.622232 0.111904 0.773655
-16.0966 -0.178498 -1.68725 0.0445502 0.617495 0.109232 0.777845
-16.2696 -0.145847 -1.60727 0.0453346 0.613259 0.107474 0.781388
-16.4765 -0.165393 -1.49916 0.0428033 0.611514 0.107155 0.78294
-16.6531 -0.160342 -1.41146 0.0399697 0.607387 0.109836 0.785925
-16.8402 -0.155603 -1.29046 0.0371521 0.604933 0.113858 0.787381
-17.0181 -0.176473 -1.14547 0.0314244 0.603563 0.120581 0.787682
-17.1582 -0.147928 -1.01461 0.0272444 0.600444 0.128455 0.788975
-17.3055 -0.143009 -0.826498 0.021145 0.599991 0.138297 0.787843
-17.4517 -0.0857526 -0.624139 0.0168875 0.600136 0.148228 0.786028
-17.533 -0.0659104 -0.465587 0.00949774 0.596624 0.162649 0.785975
-17.6585 -0.015127 -0.204112 0.00364745 0.598959 0.174652 0.781661
-17.7744 0.0102244 -0.0133513 -0.00344837 0.596978 0.189124 0.779809
-17.899 0.0351511 0.267852 -0.0111186 0.599448 0.203265 0.774267
-18.0086 0.0566129 0.508985 -0.0190791 0.59927 0.218162 0.770186
-18.1324 0.0572316 0.769827 -0.0281774 0.599722 0.232933 0.765215
-18.2479 0.0814694 1.02998 -0.0362709 0.599362 0.247728 0.760497
-18.3687 0.105128 1.28071 -0.0446586 0.597921 0.261968 0.756403
-18.4725 0.109939 1.53926 -0.0545682 0.595821 0.2757 0.752521
-18.6038 0.130773 1.84964 -0.0625521 0.596667 0.287576 0.746765
-18.7204 0.154481 2.1039 -0.0700106 0.594498 0.299026 0.743329
-18.8164 0.155329 2.34655 -0.0796592 0.591421 0.309515 0.740514
-18.9104 0.176302 2.57713 -0.0872701 0.587659 0.317891 0.739103
-18.978 0.189301 2.82039 -0.0965291 0.583843 0.324533 0.738089
-19.0742 0.206906 3.06316 -0.104166 0.58053 0.327883 0.738183
-19.155 0.208952 3.28037 -0.112823 0.574944 0.331152 0.739822
-19.2397 0.213567 3.4907 -0.120867 0.568958 0.331647 0.74295
-19.3291 0.223609 3.69112 -0.128677 0.562356 0.329551 0.747582
-19.4161 0.211709 3.88709 -0.139182 0.555357 0.324978 0.752913
-19.525 0.229901 4.06415 -0.145483 0.547734 0.317445 0.760481
-19.6237 0.237837 4.22816 -0.152641 0.538825 0.307449 0.769494
-19.7323 0.248731 4.4054 -0.159244 0.530155 0.296139 0.778558
-19.8411 0.263143 4.57921 -0.165521 0.521016 0.281885 0.788642
-19.9646 0.279526 4.75227 -0.170707 0.511062 0.267096 0.799126
-20.0907 0.293371 4.93873 -0.175773 0.501321 0.251194 0.809288
-20.2154 0.303352 5.11324 -0.180312 0.489758 0.234911 0.820185
-20.3496 0.333874 5.29808 -0.1826 0.479003 0.216685 0.830975
-20.4913 0.350119 5.48199 -0.185541 0.468156 0.199637 0.840717
-20.6382 0.35178 5.6834 -0.189108 0.458656 0.182167 0.849082
-20.7902 0.366134 5.89369 -0.191021 0.450101 0.164771 0.856751
-20.9549 0.394805 6.10671 -0.191133 0.442152 0.147594 0.863965
-21.1123 0.407623 6.30674 -0.191862 0.432777 0.132873 0.87091
-21.2846 0.428902 6.52214 -0.190787 0.426001 0.118451 0.87655
-21.4597 0.452037 6.73639 -0.189124 0.419543 0.105849 0.881621
-21.6456 0.461943 6.96183 -0.187339 0.415186 0.09488 0.885306
-21.8285 0.468978 7.19415 -0.185811 0.412278 0.0857925 0.88791
-22.0193 0.489407 7.43455 -0.182626 0.411708 0.0785423 0.889504
-22.2041 0.509674 7.68432 -0.179144 0.412928 0.0734923 0.890079
-22.3867 0.520968 7.91208 -0.175561 0.413671 0.0714089 0.890617
-22.5756 0.526496 8.12041 -0.170907 0.416113 0.0717245 0.89036
-22.7737 0.510009 8.3193 -0.167752 0.420185 0.0749896 0.888777
-22.9816 0.498234 8.5034 -0.163757 0.426066 0.079361 0.88634
-23.1773 0.487247 8.67869 -0.158712 0.433594 0.0854251 0.883038
-23.3915 0.465487 8.80337 -0.154226 0.439465 0.0938988 0.880066
-23.593 0.457777 8.92907 -0.149298 0.447214 0.102212 0.876077
-23.7702 0.456434 9.09027 -0.147823 0.459854 0.109609 0.868861
-23.9527 0.448361 9.25335 -0.145162 0.472554 0.118446 0.861304
-23.9845 0.39111 9.39608 -0.153051 0.48917 0.136005 0.847968
-24.117 0.370379 9.53114 -0.157941 0.499261 0.145598 0.839557
-24.2392 0.358564 9.6632 -0.162499 0.510197 0.152169 0.830904
-24.3926 0.375004 9.73252 -0.147948 0.516846 0.161218 0.827802
-24.5315 0.390271 9.79319 -0.136833 0.522784 0.17149 0.823912
-24.6561 0.397892 9.87403 -0.127951 0.529355 0.178855 0.819567
-24.7653 0.387698 9.94933 -0.124443 0.536229 0.187157 0.813766
-24.8854 0.377427 10.0354 -0.120865 0.542972 0.193822 0.808256
-24.9908 0.354216 10.1127 -0.120197 0.548509 0.201037 0.802838
-25.0929 0.338292 10.1911 -0.11938 0.553459 0.206928 0.798053
-25.1979 0.316946 10.2874 -0.120205 0.559436 0.210658 0.792769
-25.2976 0.279195 10.3569 -0.120708 0.563554 0.217176 0.788004
-25.3794 0.268449 10.4581 -0.123776 0.568508 0.216534 0.784138
-25.4712 0.25998 10.5402 -0.126282 0.572543 0.21451 0.781355
-25.5394 0.227133 10.6026 -0.130601 0.573677 0.21568 0.77949
-25.6126 0.211378 10.6828 -0.134351 0.576306 0.212659 0.777743
-25.6714 0.188459 10.7518 -0.139043 0.578256 0.210647 0.776016
-25.7371 0.171069 10.816 -0.143485 0.579873 0.204402 0.775672
-25.7908 0.158997 10.8867 -0.148021 0.581877 0.19596 0.775498
-25.8429 0.145095 10.9465 -0.152195 0.582242 0.187982 0.77639
-25.9008 0.133913 11.0003 -0.155938 0.583126 0.180769 0.776697
-25.951 0.131246 11.0565 -0.159817 0.584096 0.168922 0.777846
-25.9855 0.11732 11.0995 -0.16443 0.584042 0.157661 0.779287
-26.017 0.108601 11.1464 -0.168396 0.583754 0.144364 0.781231
-26.0443 0.100704 11.1759 -0.170074 0.58233 0.132774 0.783981
-26.0753 0.073068 11.2206 -0.17458 0.582207 0.118345 0.785391
-26.0867 0.0746325 11.227 -0.172389 0.578661 0.105434 0.790318
-26.1106 0.0820761 11.2547 -0.170527 0.577662 0.0884325 0.793531
-26.1318 0.070114 11.2734 -0.169142 0.5759 0.0726496 0.796703
-26.1316 0.076345 11.273 -0.163364 0.572998 0.0558272 0.801344
-26.1492 0.0617851 11.2546 -0.157506 0.568971 0.0406716 0.806282
-26.1629 0.0790883 11.2713 -0.150857 0.567276 0.0204486 0.809507
-26.192 0.0720169 11.2857 -0.141888 0.563706 0.0047398 0.813854
-26.2103 0.0650612 11.2989 -0.131764 0.560203 -0.0128346 0.817876
-26.234 0.0646618 11.3199 -0.122041 0.557388 -0.0326759 0.82075
-26.2688 0.0560619 11.3393 -0.110328 0.553668 -0.049445 0.824079
-26.3026 0.0527958 11.3783 -0.0980943 0.55099 -0.0671236 0.826168
-26.3471 0.047519 11.4116 -0.08611 0.548128 -0.0842336 0.827838
-26.3862 0.0475981 11.4624 -0.0731813 0.545773 -0.100399 0.828834
-26.4194 0.0465379 11.5234 -0.0602906 0.543973 -0.11501 0.829157
-26.4717 0.0309904 11.5943 -0.0481429 0.54276 -0.127993 0.828843
-26.5186 0.0153089 11.6457 -0.0349147 0.541393 -0.138221 0.828758
-26.5754 -0.0175811 11.7118 -0.0227278 0.540894 -0.14572 0.828223
-26.6299 -0.0304347 11.8001 -0.0106059 0.542114 -0.152935 0.826366
-26.7146 -0.077694 11.8854 -0.00246841 0.54426 -0.158657 0.823938
-26.7841 -0.104435 11.9756 0.0056623 0.547373 -0.163518 0.820904
-26.837 -0.0833839 12.0908 0.0149148 0.552267 -0.169184 0.816351
-26.9295 -0.14724 12.2101 0.0173841 0.559281 -0.171219 0.811087
-27.0053 -0.154102 12.3229 0.0191411 0.566682 -0.173983 0.805303
-27.1025 -0.18592 12.4539 0.0175998 0.576851 -0.174278 0.798023
-27.2033 -0.194975 12.5494 0.0180212 0.587153 -0.169786 0.791443
-27.2918 -0.208848 12.6808 0.0166041 0.599542 -0.162135 0.783755
-27.3982 -0.220247 12.7838 0.0130832 0.612118 -0.15267 0.775966
-27.5197 -0.231861 12.9154 0.00765067 0.626626 -0.141241 0.766568
-27.6582 -0.230632 13.0575 0.00160827 0.641801 -0.128651 0.7562
-27.7677 -0.213811 13.1898 -0.00504289 0.656372 -0.115327 0.745759
-27.9248 -0.230708 13.328 -0.0149308 0.671487 -0.0997539 0.734333
-28.079 -0.256965 13.4667 -0.0256095 0.68554 -0.0831448 0.72304
-28.2319 -0.257157 13.6107 -0.035955 0.699032 -0.0669881 0.711269
-28.3797 -0.244247 13.7597 -0.0462405 0.711655 -0.0515318 0.69935
-28.5561 -0.253866 13.9416 -0.0581669 0.72427 -0.0352756 0.686405
-28.7228 -0.246446 14.101 -0.0687722 0.734674 -0.0197501 0.674899
-28.8935 -0.242062 14.2855 -0.0802142 0.744219 -0.0046505 0.66336
-29.0668 -0.250894 14.5004 -0.0925975 0.753328 0.00935753 0.651315
-29.235 -0.208726 14.6525 -0.101537 0.759066 0.0204105 0.643022
-29.4758 -0.190023 14.744 -0.111385 0.763701 0.0315857 0.635412
-29.5443 -0.165756 14.4539 -0.121257 0.766163 0.0428935 0.62996
-29.5413 -0.12211 14.1505 -0.128462 0.766661 0.0512952 0.627294
-29.5227 -0.114065 13.8865 -0.13584 0.766201 0.0591975 0.625606
-29.4633 -0.0758675 13.6999 -0.143911 0.76586 0.0624323 0.623907
-29.4119 -0.0947764 13.5044 -0.152704 0.762505 0.0658271 0.625575
-29.3635 -0.0688569 13.2847 -0.157785 0.757214 0.0655072 0.63075
-29.3299 -0.0460609 13.0698 -0.162659 0.750196 0.061131 0.638289
-29.2808 -0.0179411 12.8236 -0.167976 0.740885 0.0548991 0.648269
-29.229 -0.00658756 12.6008 -0.171045 0.730544 0.049701 0.659518
-29.1827 0.0259902 12.3779 -0.172172 0.719161 0.0412908 0.672186
-29.1394 0.0361026 12.147 -0.172801 0.706165 0.0332931 0.686096
-29.1143 0.0509861 11.9338 -0.174242 0.692691 0.0228463 0.699753
-29.0824 0.0767676 11.6969 -0.171883 0.677609 0.0131321 0.715176
-29.0488 0.109934 11.4929 -0.171052 0.66335 0.00170562 0.728729
-29.0084 0.15338 11.2676 -0.167229 0.647437 -0.00947037 0.743709
-28.976 0.180681 11.0439 -0.16541 0.631604 -0.0204687 0.757379
-28.9477 0.218521 10.845 -0.162207 0.616989 -0.0301455 0.769691
-28.904 0.240468 10.6409 -0.158396 0.602721 -0.0368341 0.781407
-28.8702 0.248055 10.4477 -0.156355 0.589344 -0.042749 0.791649
-28.8352 0.271676 10.2614 -0.152974 0.57733 -0.0471718 0.800856
-28.7991 0.280815 10.0892 -0.151988 0.567035 -0.0495935 0.808217
-28.7534 0.295984 9.92068 -0.151696 0.558495 -0.0521898 0.814032
-28.7041 0.324572 9.74361 -0.151862 0.552188 -0.0541029 0.818168
-28.6506 0.347751 9.57748 -0.152886 0.548008 -0.0536332 0.820814
-28.5968 0.358959 9.41686 -0.15354 0.547421 -0.04705 0.821487
-28.5342 0.373133 9.24003 -0.153572 0.548455 -0.037986 0.821261
-28.4547 0.386237 9.05588 -0.154505 0.550953 -0.0256048 0.819892
-28.3997 0.394802 8.91592 -0.156768 0.557263 -0.0114804 0.815507
-28.3286 0.399745 8.77737 -0.15991 0.564896 0.00491588 0.809693
-28.2793 0.403013 8.64867 -0.163846 0.574146 0.0230611 0.802053
-28.2163 0.423919 8.50642 -0.166057 0.583351 0.0431568 0.794089
-28.1599 0.440333 8.37639 -0.169373 0.59343 0.0645628 0.784413
-28.1101 0.449252 8.24848 -0.173049 0.603726 0.0879468 0.773408
-28.0569 0.463992 8.12706 -0.177007 0.613821 0.11169 0.761413
-28.0104 0.470147 8.02417 -0.182277 0.623849 0.135999 0.747952
-27.9705 0.505798 7.89153 -0.183215 0.632099 0.160345 0.735879
-27.9313 0.506177 7.81291 -0.189544 0.642011 0.18334 0.720165
-27.8854 0.510067 7.69738 -0.193264 0.647953 0.209516 0.706593
-27.8549 0.525948 7.6094 -0.196216 0.655115 0.231769 0.692085
-27.8308 0.540155 7.52192 -0.198232 0.660227 0.255466 0.678178
-27.7973 0.547276 7.45341 -0.202211 0.66478 0.277 0.663961
-27.7641 0.549192 7.35916 -0.204571 0.665746 0.297713 0.653225
-27.7428 0.575362 7.29153 -0.205314 0.666685 0.314975 0.643878
-27.7084 0.572549 7.22454 -0.208687 0.665069 0.333747 0.634951
-27.7084 0.592701 7.16889 -0.199178 0.667969 0.339318 0.632004
-27.6901 0.609395 7.10947 -0.19203 0.666716 0.346608 0.631584
-27.6762 0.592652 7.08709 -0.188508 0.666138 0.352942 0.629745
-27.6661 0.605459 7.04446 -0.181693 0.662668 0.360733 0.630992
-27.6723 0.60628 7.02107 -0.175372 0.658583 0.367097 0.63338
-27.6699 0.616176 7.00356 -0.169764 0.653052 0.372415 0.637514
-27.6578 0.602799 6.99042 -0.167671 0.645675 0.378817 0.641793
-27.6573 0.603307 6.97759 -0.164765 0.637244 0.383502 0.648154
-27.653 0.597273 6.97281 -0.163647 0.628146 0.387255 0.655046
-27.6626 0.613407 6.96247 -0.159724 0.618292 0.391194 0.662996
-27.6704 0.614795 6.94271 -0.158807 0.60739 0.393673 0.671763
-27.6614 0.601203 6.94787 -0.164965 0.597941 0.391683 0.679865
-27.6653 0.612215 6.95482 -0.170344 0.588407 0.38793 0.688944
-27.6643 0.60624 6.92585 -0.176859 0.57683 0.383633 0.699415
-27.6763 0.616855 6.88633 -0.1804 0.566498 0.378987 0.709412
-27.6611 0.614041 6.86385 -0.187294 0.556801 0.376353 0.716665
-27.6627 0.627014 6.82325 -0.190072 0.548671 0.373437 0.723693
-27.6374 0.617367 6.78083 -0.196682 0.540189 0.372524 0.728758
-27.639 0.639773 6.7131 -0.197335 0.533002 0.370836 0.734708
-27.6254 0.631787 6.66358 -0.202083 0.528301 0.368637 0.737911
-27.6306 0.638775 6.60664 -0.200951 0.52385 0.354723 0.748139
-27.6444 0.659889 6.5312 -0.198351 0.520116 0.337993 0.7591
-27.6459 0.669195 6.47131 -0.198791 0.51741 0.320643 0.768303
-27.659 0.67222 6.38976 -0.197909 0.514944 0.302701 0.777409
-27.6781 0.68093 6.30995 -0.197906 0.512856 0.28328 0.786059
-27.7139 0.678595 6.22497 -0.19824 0.511845 0.26348 0.793483
-27.7449 0.671472 6.11738 -0.199048 0.509564 0.242415 0.801422
-27.809 0.651477 6.02708 -0.199307 0.509045 0.222039 0.807567
-27.8651 0.617919 5.92764 -0.199644 0.506193 0.201531 0.814623
-27.9464 0.558901 5.84182 -0.200107 0.50394 0.182114 0.820456
-28.0465 0.491248 5.768 -0.198803 0.501267 0.162716 0.826464
-28.1588 0.391819 5.73391 -0.19871 0.499428 0.144288 0.831009
-28.2682 0.282561 5.70899 -0.198399 0.496938 0.1277 0.835278
-28.3763 0.15799 5.6887 -0.198193 0.494417 0.112574 0.83899
-28.4715 0.0165211 5.70008 -0.198627 0.492817 0.0987993 0.84156
-28.5431 -0.13402 5.70785 -0.199109 0.490568 0.0861034 0.84415
-28.59 -0.305151 5.74034 -0.199271 0.48899 0.0760539 0.845991
-28.5549 -0.483725 5.78625 -0.199947 0.488036 0.0684213 0.847033
-28.4353 -0.62772 5.83907 -0.201182 0.487221 0.0637512 0.847574
-28.2802 -0.732639 5.86074 -0.201406 0.486201 0.0621505 0.848225
-28.0865 -0.790498 5.86951 -0.201297 0.485124 0.0629843 0.848807
-27.8785 -0.865182 5.86571 -0.202683 0.483911 0.0670419 0.848859
-27.6745 -0.916235 5.8634 -0.204042 0.48434 0.0723716 0.847851
-27.4621 -0.961296 5.81459 -0.204834 0.483868 0.0807296 0.847174
-27.2633 -1.00991 5.73582 -0.205322 0.483471 0.0916807 0.846168
-27.0562 -1.05415 5.65549 -0.206592 0.483956 0.104344 0.844114
-26.8637 -1.09429 5.53829 -0.207426 0.48405 0.117998 0.842056
-26.6773 -1.15707 5.39216 -0.209191 0.484252 0.133304 0.839215
-26.4711 -1.19936 5.23905 -0.21011 0.484291 0.149585 0.836214
-26.2891 -1.20281 5.04915 -0.208194 0.483815 0.166617 0.833746
-26.0946 -1.21449 4.8538 -0.206943 0.483736 0.185085 0.830201
-25.9225 -1.21395 4.63725 -0.205286 0.483748 0.202922 0.82643
-25.7363 -1.16754 4.42275 -0.20322 0.483689 0.220505 0.822463
-25.5837 -1.02396 4.20878 -0.199958 0.483121 0.238122 0.818676
-25.4576 -0.800898 4.13008 -0.198039 0.484392 0.25455 0.813433
-25.3327 -0.540565 4.11739 -0.194016 0.484181 0.270783 0.809277
-25.1957 -0.313876 4.17151 -0.191381 0.485402 0.285689 0.804033
-25.0405 -0.0745578 4.21007 -0.186369 0.485791 0.300205 0.799676
-24.8729 0.143436 4.25453 -0.182179 0.486895 0.312405 0.795286
-24.6924 0.335581 4.31002 -0.178421 0.489734 0.322275 0.790443
-24.5049 0.532416 4.33044 -0.177941 0.490349 0.32221 0.790197
-24.3008 0.694871 4.32079 -0.176496 0.49169 0.321791 0.789859
-24.0717 0.832769 4.26995 -0.173306 0.492784 0.321726 0.78991
-23.8428 0.921724 4.22893 -0.171379 0.496771 0.320924 0.788158
-23.624 0.976996 4.13068 -0.167494 0.500389 0.320435 0.786902
-23.4182 1.02971 4.00739 -0.161809 0.504214 0.319804 0.785906
-23.2151 1.06946 3.8687 -0.155387 0.508526 0.318469 0.784966
-23.0466 1.08287 3.73418 -0.149542 0.515027 0.31652 0.78265
-22.8916 1.09088 3.57617 -0.14293 0.520903 0.314525 0.780799
-22.7451 1.08654 3.38366 -0.136475 0.52528 0.312936 0.77966
-22.625 1.10056 3.19672 -0.128443 0.530356 0.310684 0.778488
-22.5187 1.1068 3.00523 -0.121208 0.5352 0.308424 0.777231
-22.4318 1.11125 2.80558 -0.113811 0.539885 0.305902 0.776106
-22.366 1.10495 2.58996 -0.106576 0.543676 0.304261 0.775131
-22.3165 1.10312 2.39284 -0.100306 0.547392 0.302039 0.774222
-22.2801 1.11787 2.18495 -0.092077 0.550473 0.299354 0.774102
-22.2751 1.12552 1.97722 -0.0831876 0.553296 0.296675 0.774127
-22.2642 1.11779 1.78544 -0.0767532 0.556093 0.294244 0.773715
-22.2717 1.12262 1.59959 -0.0691085 0.558902 0.291451 0.773469
-22.2856 1.08253 1.43721 -0.0654283 0.562033 0.289274 0.772337
-22.3017 1.0639 1.27996 -0.0623572 0.564364 0.283802 0.772922
-22.3179 1.04749 1.12301 -0.0592071 0.565502 0.279371 0.773951
-22.3542 0.998787 0.982443 -0.058311 0.567201 0.275126 0.774297
-22.3881 0.978219 0.829507 -0.0558842 0.567103 0.271533 0.775815
-22.4414 0.943275 0.700165 -0.0542687 0.567975 0.267905 0.776552
-22.4971 0.908792 0.571482 -0.0526368 0.568561 0.26455 0.777386
-22.5402 0.851561 0.473309 -0.0535053 0.5685 0.262046 0.778218
-22.5797 0.821219 0.345861 -0.0529325 0.566394 0.261489 0.779978
-22.6254 0.75983 0.241474 -0.0540182 0.564969 0.262104 0.780731
-22.6621 0.727956 0.15289 -0.054225 0.563163 0.261556 0.782203
-22.7057 0.686632 0.084319 -0.055468 0.561764 0.26106 0.783287
-22.7552 0.660819 0.0220697 -0.0563883 0.560302 0.259913 0.784648
-22.8034 0.604193 -0.0389076 -0.0589272 0.558373 0.260684 0.78558
-22.8496 0.568181 -0.106457 -0.0605696 0.555559 0.261807 0.787075
-22.9004 0.542394 -0.172344 -0.0622201 0.552593 0.263362 0.788514
-22.9286 0.489409 -0.241997 -0.0658204 0.548868 0.266065 0.789915
-22.9786 0.458331 -0.290202 -0.0687022 0.545408 0.268578 0.791214
-23.011 0.409532 -0.325178 -0.0733028 0.542034 0.271155 0.792242
-23.0561 0.385975 -0.346984 -0.0767465 0.538796 0.27352 0.79331
-23.1144 0.359284 -0.378937 -0.0803374 0.535115 0.276382 0.794453
-23.1439 0.331627 -0.427633 -0.0843227 0.529539 0.28118 0.796092
-23.1569 0.303696 -0.473094 -0.0894142 0.523167 0.287178 0.797606
-23.2106 0.313224 -0.47847 -0.0930171 0.519381 0.289324 0.798891
-23.2428 0.291426 -0.489298 -0.0995196 0.514263 0.291628 0.800579
-23.268 0.259589 -0.521231 -0.107458 0.507252 0.294002 0.803153
-23.3099 0.271101 -0.543978 -0.113254 0.500724 0.295166 0.80602
-23.309 0.244678 -0.564518 -0.12221 0.493129 0.297013 0.808712
-23.3153 0.262748 -0.603664 -0.128738 0.484443 0.298443 0.812412
-23.3465 0.252354 -0.576367 -0.136503 0.479266 0.298717 0.814113
-23.3473 0.240709 -0.600952 -0.144858 0.470904 0.300122 0.817027
-23.3626 0.240055 -0.621974 -0.151969 0.463188 0.300775 0.8199
-23.369 0.228402 -0.6328 -0.160153 0.455806 0.301618 0.822166
-23.3762 0.233784 -0.643597 -0.167527 0.448458 0.301985 0.824599
-23.3776 0.239942 -0.666682 -0.174752 0.440553 0.302306 0.827239
-23.3826 0.253037 -0.666155 -0.181687 0.434074 0.30224 0.829191
-23.3768 0.24661 -0.672647 -0.189648 0.427062 0.302665 0.830893
-23.3855 0.250304 -0.666468 -0.196418 0.421899 0.302588 0.831985
-23.3668 0.261228 -0.670398 -0.202974 0.415827 0.303297 0.833209
-23.3694 0.257869 -0.675593 -0.209964 0.411335 0.303169 0.833753
-23.3541 0.252865 -0.677628 -0.216521 0.406652 0.303966 0.834083
-23.3632 0.251057 -0.65808 -0.226742 0.40217 0.295805 0.83647
-23.3658 0.257601 -0.652394 -0.236377 0.397725 0.286488 0.839166
-23.3787 0.245093 -0.662699 -0.246278 0.392089 0.276285 0.842386
-23.4026 0.246487 -0.666133 -0.255908 0.388571 0.263657 0.845188
-23.4069 0.234973 -0.671516 -0.266626 0.383856 0.251474 0.847737
-23.4349 0.233457 -0.681351 -0.275949 0.379957 0.237666 0.850489
-23.4536 0.212466 -0.703127 -0.286115 0.375429 0.223858 0.852884
-23.49 0.201591 -0.712524 -0.295666 0.372075 0.208468 0.854994
-23.4992 0.183288 -0.726776 -0.305622 0.36747 0.194597 0.856752
-23.5193 0.157546 -0.743249 -0.315254 0.363503 0.179873 0.858171
-23.5581 0.139411 -0.774271 -0.323599 0.359565 0.164277 0.85985
-23.6074 0.109827 -0.79238 -0.332721 0.35627 0.148158 0.860668
-23.6634 0.0894799 -0.823188 -0.340425 0.353053 0.131986 0.861611
-23.6983 0.0686695 -0.863954 -0.347848 0.348706 0.117049 0.862576
-23.7457 0.0430134 -0.909575 -0.354683 0.344582 0.102122 0.863345
-23.7967 0.0112908 -0.955739 -0.360608 0.340635 0.0884296 0.863968
-23.8473 -0.0237966 -0.998543 -0.366899 0.336584 0.0753317 0.864148
-23.9049 -0.0474953 -1.03579 -0.372053 0.333302 0.0628853 0.864213
-23.9753 -0.071164 -1.06773 -0.376593 0.330427 0.0510683 0.864129
-24.0321 -0.109839 -1.09553 -0.381365 0.326662 0.041428 0.863984
-24.1061 -0.13038 -1.10904 -0.383538 0.325992 0.0359755 0.863519
-24.1885 -0.149884 -1.1048 -0.384111 0.326931 0.0370425 0.862865
-24.2829 -0.130594 -1.07414 -0.383425 0.328522 0.0367008 0.862581
-24.3529 -0.114467 -1.04607 -0.383008 0.328182 0.0370414 0.862881
-24.4363 -0.0802707 -0.994523 -0.382636 0.328621 0.0365777 0.862899
-24.5188 -0.0575622 -0.949427 -0.382423 0.328123 0.0356658 0.863221
-24.5937 -0.0371552 -0.893241 -0.382579 0.328134 0.034923 0.863178
-24.6613 -0.0144649 -0.840695 -0.38265 0.326772 0.034059 0.863697
-24.7247 -0.00953257 -0.793203 -0.382656 0.324971 0.0340256 0.864375
-24.7925 -0.00995201 -0.739356 -0.383082 0.323238 0.0331786 0.86487
-24.8433 -0.031606 -0.685964 -0.384528 0.320404 0.0332248 0.865281
-24.9378 0.00739361 -0.633444 -0.382303 0.320372 0.0295853 0.86641
-24.9883 -0.00184655 -0.572627 -0.383705 0.3169 0.029234 0.867078
-25.0576 -0.0169259 -0.503967 -0.385212 0.314978 0.0272532 0.867175
-25.1025 -0.0223531 -0.459613 -0.38555 0.310876 0.0271543 0.868506
-25.1555 -0.030743 -0.399958 -0.386585 0.307648 0.0255301 0.869244
-25.2084 -0.0400987 -0.358743 -0.386652 0.303525 0.0242478 0.870699
-25.279 -0.0461886 -0.288821 -0.387492 0.301001 0.0215981 0.871271
-25.3313 -0.0512483 -0.244887 -0.387195 0.296896 0.0202726 0.872842
-25.3973 -0.0501535 -0.194528 -0.387151 0.293542 0.017752 0.87405
-25.4613 -0.0383562 -0.144051 -0.385225 0.292681 0.0203188 0.875133
-25.5146 -0.0596875 -0.0942207 -0.38357 0.291352 0.0246883 0.87619
-25.5723 -0.0513242 -0.0364435 -0.381921 0.291105 0.0281963 0.876887
-25.6363 -0.0591618 0.0133755 -0.380272 0.29089 0.0315106 0.877561
-25.6925 -0.0660004 0.0664022 -0.379077 0.289939 0.0352051 0.878253
-25.7442 -0.0698365 0.12365 -0.377542 0.289323 0.0390773 0.878953
-25.81 -0.0740042 0.18771 -0.376839 0.28975 0.0416074 0.878998
-25.8641 -0.0702294 0.24102 -0.375261 0.289599 0.0455552 0.879527
-25.9167 -0.0650114 0.285079 -0.373284 0.289423 0.0495729 0.880209
-25.9714 -0.0630009 0.323093 -0.371003 0.288522 0.0537631 0.881222
-26.0358 -0.0674704 0.383147 -0.370258 0.290159 0.0568242 0.880806
-26.0877 -0.0588058 0.413013 -0.367605 0.289688 0.0612264 0.881777
-26.1492 -0.0668202 0.46352 -0.366733 0.290397 0.0644619 0.881676
-26.1955 -0.0642671 0.492168 -0.36474 0.289758 0.0685463 0.882405
-26.2443 -0.0517394 0.522781 -0.361881 0.290622 0.073172 0.882926
-26.29 -0.0495584 0.566974 -0.361851 0.290414 0.0779791 0.882596
-26.3458 -0.0384392 0.597744 -0.359382 0.292025 0.0821001 0.8827
-26.404 -0.0421408 0.633084 -0.358766 0.29304 0.0855403 0.882287
-26.4629 -0.028478 0.671934 -0.356138 0.295138 0.0898993 0.882219
-26.5241 -0.0186754 0.70802 -0.355046 0.298289 0.0941125 0.88116
-26.5692 -0.0110047 0.733624 -0.352827 0.301239 0.0992691 0.880482
-26.6223 -0.00393527 0.767895 -0.35111 0.302776 0.103086 0.880203
-26.6705 0.0137311 0.814747 -0.350644 0.306415 0.107731 0.878572
-26.7228 0.0263957 0.843573 -0.34882 0.309165 0.111813 0.877825
-26.7779 0.0466704 0.875364 -0.346976 0.3123 0.114973 0.877037
-26.8236 0.0561154 0.911753 -0.34642 0.315276 0.119571 0.875577
-26.8655 0.0601893 0.941284 -0.345602 0.31757 0.125289 0.874271
-26.912 0.0765423 0.984241 -0.344889 0.320894 0.129307 0.872753
-26.9592 0.0929154 1.01278 -0.343159 0.323409 0.133149 0.871929
-27.0066 0.11335 1.03849 -0.341572 0.326199 0.137838 0.870784
-27.0586 0.128273 1.06122 -0.33955 0.329548 0.141964 0.869651
-27.097 0.148355 1.08376 -0.337843 0.331332 0.146267 0.868924
-27.1464 0.166954 1.11283 -0.336168 0.334804 0.150178 0.867575
-27.1907 0.181148 1.13853 -0.334714 0.335642 0.154798 0.867002
-27.2304 0.200603 1.15382 -0.332988 0.336623 0.159615 0.866412
-27.2567 0.211318 1.16653 -0.33151 0.337169 0.164838 0.865789
-27.2972 0.218889 1.18452 -0.330122 0.338394 0.168637 0.86511
-27.3208 0.239163 1.20531 -0.328824 0.339132 0.173728 0.864308
-27.3398 0.249591 1.20575 -0.326493 0.338044 0.178215 0.864704
-27.3579 0.250977 1.21618 -0.325129 0.337022 0.181688 0.864894
-27.3587 0.255838 1.21577 -0.323031 0.334606 0.186117 0.865676
-27.3712 0.253306 1.20636 -0.31968 0.332355 0.189405 0.867073
-27.377 0.256431 1.21194 -0.317494 0.329394 0.193234 0.86816
-27.386 0.25901 1.22007 -0.315305 0.325731 0.196426 0.869623
-27.4117 0.271382 1.23241 -0.312192 0.323182 0.198076 0.87132
-27.4357 0.278507 1.23998 -0.309273 0.318874 0.200782 0.873326
-27.4587 0.290333 1.25375 -0.306105 0.314845 0.204108 0.875131
-27.4935 0.304215 1.26129 -0.302004 0.310974 0.206336 0.877414
-27.5245 0.322043 1.27219 -0.298451 0.306058 0.209022 0.879719
-27.562 0.33504 1.28862 -0.294777 0.302276 0.21149 0.881673
-27.5975 0.349385 1.30121 -0.290645 0.298177 0.214693 0.883664
-27.6476 0.376288 1.32734 -0.286197 0.295244 0.217248 0.885474
-27.6907 0.39694 1.35152 -0.281876 0.29228 0.220365 0.887072
-27.7541 0.420128 1.38184 -0.277053 0.291042 0.222377 0.888495
-27.8153 0.45581 1.41867 -0.271974 0.290672 0.224196 0.889727
-27.8795 0.48782 1.44077 -0.26565 0.289845 0.227446 0.891081
-27.9489 0.525732 1.47089 -0.259184 0.290136 0.230578 0.892085
-28.0219 0.556515 1.50413 -0.252763 0.291449 0.234158 0.892567
-28.1001 0.589609 1.53162 -0.245496 0.293403 0.237926 0.892958
-28.1844 0.625517 1.56839 -0.237673 0.296937 0.241536 0.892938
-28.2667 0.658234 1.61455 -0.231672 0.300647 0.241621 0.89325
-28.3585 0.695299 1.66323 -0.224501 0.305556 0.242131 0.893278
-28.4462 0.727294 1.72381 -0.217775 0.310323 0.243971 0.892799
-28.5445 0.754154 1.79339 -0.210283 0.316934 0.244919 0.892013
-28.6484 0.775796 1.87598 -0.203326 0.323989 0.246262 0.890721
-28.7638 0.783803 1.97654 -0.196374 0.332506 0.246683 0.889025
-28.8653 0.792972 2.08251 -0.189641 0.341056 0.248468 0.886748
-29.0002 0.791222 2.20109 -0.182413 0.350315 0.248531 0.884635
-29.1087 0.77986 2.32274 -0.17573 0.35853 0.250649 0.882096
-29.2369 0.769406 2.44884 -0.16838 0.367003 0.25172 0.879738
-29.3619 0.74307 2.58616 -0.162822 0.375888 0.253269 0.876583
-29.514 0.715176 2.72849 -0.156501 0.385716 0.253287 0.873455
-29.6374 0.676115 2.85992 -0.15234 0.392698 0.256013 0.87028
-29.7968 0.643343 2.99924 -0.1484 0.401047 0.257096 0.866829
-29.9882 0.612025 3.14491 -0.145383 0.409415 0.257146 0.863407
-30.1874 0.567684 3.2552 -0.143034 0.416307 0.258606 0.860063
-30.3835 0.53066 3.35625 -0.141478 0.421774 0.260381 0.857116
-30.6094 0.496733 3.46028 -0.140802 0.427192 0.261745 0.854124
-30.8326 0.466928 3.56204 -0.140663 0.431238 0.263108 0.851693
-31.0719 0.435356 3.67296 -0.141257 0.434785 0.263852 0.849559
-31.2946 0.404838 3.82666 -0.146869 0.43579 0.258212 0.849826
-31.532 0.350166 4.0445 -0.155127 0.437539 0.250611 0.849736
-31.6966 0.31771 4.2009 -0.16283 0.434128 0.243862 0.852004
-31.8864 0.296322 4.40246 -0.17208 0.432929 0.234552 0.853409
-32.0808 0.254203 4.58483 -0.182652 0.429977 0.225878 0.855042
-32.2638 0.211563 4.74756 -0.194357 0.425438 0.217118 0.856999
-32.4233 0.191974 4.90257 -0.205908 0.420297 0.208121 0.859068
-32.5824 0.168649 5.04992 -0.217924 0.414601 0.199391 0.86094
-32.7358 0.142124 5.21503 -0.231142 0.409297 0.18956 0.86225
-32.8937 0.11873 5.37016 -0.244095 0.403356 0.181112 0.863295
-33.0506 0.120233 5.51948 -0.255191 0.397437 0.171986 0.864696
-33.2159 0.0968258 5.6872 -0.267761 0.392614 0.16214 0.865001
-33.3428 0.0925158 5.81382 -0.279142 0.385651 0.154342 0.865961
-33.4622 0.0823008 5.93636 -0.289607 0.378893 0.147204 0.86675
-33.5533 0.106736 6.05423 -0.297866 0.37163 0.140977 0.868129
-33.6548 0.104225 6.21184 -0.306254 0.367716 0.134951 0.867835
-33.6103 0.110727 6.34923 -0.313634 0.362312 0.13152 0.867999
-33.509 0.12003 6.4539 -0.320693 0.359339 0.127294 0.867286
-33.3683 0.128084 6.4747 -0.3246 0.355668 0.127188 0.867361
-33.2251 0.138485 6.48059 -0.326673 0.352425 0.128378 0.867731
-33.0907 0.101405 6.47757 -0.329881 0.350046 0.132304 0.866891
-32.9677 0.10588 6.47977 -0.330137 0.349748 0.135658 0.866395
-32.8393 0.112548 6.47725 -0.327539 0.35021 0.140784 0.866377
-32.7101 0.12293 6.46587 -0.323083 0.350909 0.14741 0.866666
-32.5624 0.135634 6.46303 -0.318138 0.352031 0.155656 0.866598
-32.4347 0.124643 6.45815 -0.312629 0.35506 0.163782 0.865869
-32.2756 0.144471 6.43107 -0.304087 0.356868 0.173592 0.866257
-32.1356 0.151159 6.41411 -0.295659 0.360034 0.182859 0.865959
-31.97 0.166543 6.3896 -0.286254 0.362403 0.193219 0.865881
-31.8251 0.17445 6.38514 -0.277341 0.366234 0.202339 0.865086
-31.6744 0.17684 6.3851 -0.268451 0.369961 0.212258 0.863927
-31.503 0.191411 6.37182 -0.259237 0.372649 0.22226 0.863071
-31.3399 0.194134 6.36911 -0.250326 0.375859 0.23118 0.861966
-31.1589 0.20448 6.34584 -0.240816 0.377285 0.240511 0.861499
-31.0011 0.216742 6.33502 -0.231628 0.38008 0.247196 0.860898
-30.8291 0.22252 6.3118 -0.223798 0.380903 0.254836 0.860378
-30.6668 0.244949 6.26201 -0.214541 0.379668 0.261479 0.861288
-30.5115 0.263365 6.24755 -0.207635 0.378902 0.266022 0.861926
-30.3722 0.277158 6.24147 -0.201794 0.378128 0.269001 0.862728
-30.2313 0.285888 6.23227 -0.197778 0.375843 0.270694 0.864126
-30.0973 0.31412 6.20621 -0.194421 0.371624 0.268789 0.867301
-29.9709 0.313276 6.19835 -0.193975 0.367418 0.266679 0.869839
-29.8412 0.30804 6.1911 -0.194822 0.36267 0.265207 0.87209
-29.7179 0.308783 6.15805 -0.195968 0.355852 0.262764 0.875374
-29.6131 0.321918 6.14132 -0.197431 0.350035 0.257527 0.878939
-29.516 0.32744 6.14565 -0.200382 0.345047 0.250579 0.882245
-29.3984 0.322858 6.12857 -0.204414 0.337636 0.243771 0.886085
-29.3075 0.342037 6.11627 -0.207891 0.330782 0.23578 0.890015
-29.2015 0.352583 6.09763 -0.211757 0.32352 0.227715 0.893864
-29.0841 0.376441 6.06608 -0.215993 0.314821 0.219349 0.898038
-28.9671 0.386791 6.03828 -0.220764 0.306784 0.211419 0.901554
-28.9057 0.40829 6.02358 -0.224136 0.301938 0.202472 0.904407
-28.783 0.402946 5.99611 -0.230699 0.294048 0.195453 0.906897
-28.701 0.417707 5.98401 -0.235259 0.289244 0.187982 0.908847
-28.574 0.398425 5.97512 -0.243653 0.282883 0.182869 0.909681
-28.488 0.404903 5.96768 -0.247904 0.279754 0.177112 0.910638
-28.4107 0.414648 5.95766 -0.251142 0.278423 0.173379 0.910877
-28.3308 0.412283 5.95072 -0.255249 0.278293 0.170271 0.910362
-28.2533 0.437893 5.92141 -0.256299 0.278835 0.168145 0.910296
-28.1681 0.429033 5.90989 -0.259102 0.281062 0.169327 0.908598
-28.0765 0.447438 5.88229 -0.259633 0.284245 0.170368 0.90726
-28.0071 0.458078 5.87407 -0.259063 0.29099 0.173182 0.904749
-27.916 0.473464 5.83709 -0.256752 0.297467 0.176929 0.902575
-27.8537 0.469744 5.84258 -0.255859 0.307164 0.184506 0.898053
-27.7892 0.476397 5.83625 -0.252953 0.318182 0.190619 0.893755
-27.6953 0.463228 5.81421 -0.251312 0.327062 0.201119 0.888697
-27.629 0.479124 5.81468 -0.246487 0.339455 0.209786 0.883384
-27.5701 0.479163 5.81873 -0.24224 0.352433 0.21836 0.87738
-27.503 0.478097 5.80236 -0.237001 0.364315 0.227645 0.87158
-27.4448 0.484175 5.79141 -0.231141 0.376848 0.236677 0.865399
-27.3801 0.489168 5.7861 -0.22585 0.389224 0.245596 0.85881
-27.3317 0.488866 5.78292 -0.220021 0.401309 0.255357 0.851888
-27.2952 0.491248 5.77797 -0.213674 0.413488 0.262207 0.845577
-27.2481 0.4851 5.76573 -0.208082 0.423533 0.270165 0.839474
-27.2186 0.487287 5.76344 -0.202035 0.433551 0.276928 0.833615
-27.2064 0.497856 5.76084 -0.195001 0.442427 0.282061 0.828893
-27.1852 0.48579 5.75763 -0.190713 0.449628 0.28663 0.824439
-27.1746 0.484121 5.76188 -0.186061 0.45611 0.290055 0.820736
-27.1702 0.477545 5.76358 -0.181491 0.461197 0.292101 0.818188
-27.1563 0.477766 5.75663 -0.177075 0.465286 0.290247 0.8175
-27.122 0.482711 5.74084 -0.17279 0.465941 0.289405 0.818342
-27.0945 0.487801 5.76058 -0.170625 0.467432 0.283887 0.819877
-27.0591 0.494628 5.74304 -0.16734 0.465982 0.278767 0.823129
-27.0143 0.4942 5.73272 -0.165803 0.463606 0.271477 0.827208
-26.9553 0.494859 5.72594 -0.164944 0.459768 0.263053 0.832226
-26.8817 0.510823 5.71277 -0.163941 0.454523 0.254077 0.838072
-26.8196 0.524046 5.70049 -0.162604 0.449104 0.243997 0.844226
-26.7271 0.522475 5.68556 -0.16336 0.442417 0.233726 0.850492
-26.6323 0.52152 5.65481 -0.163859 0.434517 0.223406 0.857214
-26.5293 0.526925 5.64541 -0.164695 0.427487 0.211841 0.8635
-26.4217 0.540899 5.62298 -0.164179 0.41968 0.199908 0.870245
-26.3093 0.560778 5.60122 -0.163317 0.411653 0.188858 0.876684
-26.177 0.576672 5.57857 -0.163071 0.403694 0.177902 0.882701
-26.0258 0.584722 5.54489 -0.163906 0.395017 0.167845 0.888422
-25.8788 0.59219 5.51231 -0.163936 0.387565 0.157598 0.893559
-25.7137 0.610834 5.47795 -0.162929 0.3803 0.148269 0.898447
-25.541 0.613675 5.44627 -0.163879 0.37397 0.141122 0.902074
-25.3728 0.61624 5.41023 -0.163877 0.36909 0.134054 0.905157
-25.1893 0.628575 5.37035 -0.163126 0.36557 0.12751 0.907662
-24.9879 0.642691 5.32122 -0.161953 0.36239 0.123922 0.909642
-24.7851 0.670832 5.2714 -0.158973 0.36115 0.121179 0.911029
-24.5646 0.676783 5.22271 -0.158398 0.360916 0.122014 0.91111
-24.3379 0.686035 5.17413 -0.156802 0.362899 0.122593 0.910521
-24.0938 0.70165 5.11134 -0.154327 0.364964 0.126108 0.909638
-23.8425 0.724788 5.03414 -0.150369 0.367945 0.129759 0.908587
-23.5829 0.746618 4.96523 -0.147247 0.372021 0.134364 0.906768
-23.3114 0.778544 4.90158 -0.143635 0.377146 0.14003 0.90437
-23.048 0.798715 4.83179 -0.140119 0.383534 0.146504 0.901205
-22.7634 0.815188 4.76112 -0.137158 0.390121 0.15469 0.897458
-22.4957 0.835686 4.69567 -0.13363 0.398363 0.162159 0.893042
-22.2237 0.858551 4.62567 -0.129667 0.406317 0.170456 0.888487
-21.9577 0.885488 4.532 -0.124698 0.412852 0.179832 0.884328
-21.6892 0.897599 4.46369 -0.121545 0.420543 0.189832 0.879039
-21.4227 0.910336 4.38588 -0.118482 0.428664 0.199065 0.873476
-21.1701 0.947226 4.3086 -0.11342 0.436551 0.207413 0.868285
-20.9177 0.955957 4.23552 -0.110732 0.444326 0.216037 0.862568
-20.6656 0.985217 4.15655 -0.106434 0.451193 0.224525 0.857363
-20.4146 0.979108 4.08123 -0.104845 0.458243 0.233391 0.851433
-20.1569 0.987909 3.9987 -0.102739 0.462993 0.241633 0.846809
-19.9219 1.00335 3.92657 -0.10012 0.46933 0.248226 0.841714
-19.6973 1.02503 3.8515 -0.0966957 0.475732 0.253692 0.836878
-19.4773 1.07387 3.7579 -0.0904585 0.479811 0.258351 0.833817
-19.2608 1.10625 3.67538 -0.0875027 0.484408 0.259684 0.831056
-19.0498 1.12385 3.58431 -0.0870083 0.48801 0.260598 0.828712
-18.8391 1.13948 3.49088 -0.0871696 0.490283 0.261976 0.826918
-18.6451 1.17001 3.39482 -0.0858626 0.493073 0.261723 0.825475
-18.4642 1.18569 3.29517 -0.0847555 0.495407 0.262617 0.823907
-18.2683 1.20078 3.18648 -0.0843884 0.49759 0.263746 0.822268
-18.0881 1.20771 3.07627 -0.0849221 0.499798 0.264782 0.82054
-17.9237 1.22739 2.96199 -0.0840221 0.502623 0.265013 0.818831
-17.7591 1.24296 2.83836 -0.0841825 0.504214 0.265564 0.817657
-17.6114 1.24785 2.72191 -0.0849116 0.506844 0.266724 0.815576
-17.4625 1.25232 2.59546 -0.0861282 0.508472 0.267742 0.814101
-17.3162 1.25793 2.46898 -0.0875496 0.510148 0.268961 0.812498
-17.1814 1.26157 2.35001 -0.0891883 0.512121 0.270641 0.810519
-17.045 1.26699 2.22487 -0.0909446 0.514195 0.272738 0.808306
-16.905 1.267 2.11305 -0.0948989 0.515772 0.275325 0.805967
-16.7743 1.28081 1.99247 -0.0975349 0.518013 0.277259 0.80355
-16.6345 1.28663 1.85382 -0.100852 0.519419 0.279885 0.801321
-16.4948 1.28398 1.71929 -0.105607 0.521266 0.283302 0.798303
-16.3537 1.28678 1.5763 -0.11019 0.522752 0.28687 0.795434
-16.2068 1.28125 1.43837 -0.115691 0.524524 0.29105 0.791961
-16.0506 1.28335 1.30805 -0.121897 0.527438 0.295188 0.787553
-15.8796 1.27934 1.1714 -0.128911 0.529424 0.300046 0.783258
-15.7068 1.28103 1.03971 -0.13525 0.531865 0.30466 0.778743
-15.5204 1.28008 0.91941 -0.142705 0.534474 0.309605 0.773662
-15.3332 1.31033 0.806176 -0.148024 0.536848 0.313795 0.76932
-15.1179 1.34234 0.708632 -0.155776 0.538456 0.318846 0.764577
-14.9008 1.37671 0.617679 -0.162789 0.540947 0.323788 0.759264
-14.6792 1.40569 0.519648 -0.170323 0.542734 0.328913 0.754119
-14.4589 1.43286 0.423043 -0.177606 0.544664 0.334152 0.748728
-14.2485 1.46486 0.326253 -0.183703 0.545879 0.339834 0.743801
-14.0388 1.48889 0.240514 -0.190782 0.547786 0.34443 0.738487
-13.8357 1.50317 0.148858 -0.196859 0.549075 0.349776 0.733407
-13.6279 1.50884 0.0598465 -0.203928 0.54884 0.354704 0.729275
-13.4374 1.52832 -0.0240467 -0.208443 0.550285 0.359478 0.72456
-13.2433 1.52611 -0.0942818 -0.215066 0.551633 0.36336 0.719649
-13.0563 1.54032 -0.173422 -0.219441 0.55253 0.367454 0.715553
-12.8714 1.54334 -0.253383 -0.223959 0.552644 0.371131 0.71216
-12.6908 1.54233 -0.323335 -0.22868 0.552579 0.374723 0.708824
-12.5204 1.55093 -0.395021 -0.23208 0.552649 0.375928 0.707025
-12.3549 1.57489 -0.471289 -0.23377 0.552336 0.37561 0.706883
-12.2217 1.59012 -0.55298 -0.231163 0.551321 0.374055 0.709351
-12.0732 1.58781 -0.632496 -0.231602 0.548489 0.373103 0.711898
-11.9101 1.5775 -0.717615 -0.232956 0.545184 0.374232 0.7134
-11.75 1.56707 -0.796274 -0.23527 0.543091 0.374576 0.714056
-11.6033 1.54374 -0.874544 -0.23517 0.541016 0.37509 0.715392
-11.8074 1.84177 -0.728407 -0.282648 0.532077 0.296589 0.741284
-11.692 1.78129 -0.789582 -0.273542 0.531255 0.30052 0.743702
-11.6141 1.69213 -0.897429 -0.225088 0.539025 0.319373 0.746489
-11.4782 1.66083 -0.973916 -0.224714 0.537246 0.319626 0.747774
-11.3154 1.62507 -1.04578 -0.226988 0.534958 0.320458 0.748372
-11.1717 1.61031 -1.14271 -0.224859 0.531864 0.321008 0.750978
-11.023 1.59638 -1.22627 -0.222572 0.529428 0.322179 0.752877
-10.8732 1.59104 -1.2917 -0.220141 0.528331 0.322005 0.754434
-10.7194 1.58226 -1.36034 -0.216646 0.52649 0.32281 0.756385
-10.5659 1.57871 -1.42092 -0.212543 0.525324 0.323942 0.757874
-10.4064 1.57393 -1.47429 -0.208491 0.523264 0.325746 0.759649
-10.2476 1.5701 -1.52857 -0.202845 0.520776 0.328392 0.761744
-10.0901 1.56353 -1.56284 -0.197841 0.519934 0.331797 0.762159
-9.93402 1.55298 -1.58438 -0.195315 0.517891 0.332448 0.763915
-9.77484 1.54124 -1.5974 -0.193212 0.516238 0.333427 0.76514
-9.62457 1.53718 -1.60099 -0.191034 0.515265 0.33341 0.766349
-9.46511 1.51827 -1.58829 -0.190758 0.514336 0.334167 0.766712
-9.31286 1.50844 -1.57362 -0.190014 0.513497 0.33435 0.767378
-9.15982 1.48631 -1.55406 -0.189212 0.512578 0.334751 0.768016
-9.01169 1.47007 -1.52212 -0.188837 0.512828 0.335019 0.767824
-8.85934 1.44668 -1.49074 -0.189284 0.512684 0.335734 0.767498
-8.71842 1.41721 -1.46148 -0.188518 0.512646 0.337549 0.766916
-8.58622 1.39815 -1.42278 -0.188178 0.51342 0.337085 0.766686
-8.44561 1.3793 -1.39122 -0.18737 0.513438 0.33757 0.766659
-8.31935 1.35458 -1.34997 -0.185896 0.515164 0.338252 0.765559
-8.18581 1.32589 -1.30922 -0.18593 0.516383 0.339713 0.764082
-8.0552 1.29027 -1.28045 -0.186626 0.516629 0.341896 0.762772
-7.91803 1.26192 -1.22862 -0.187447 0.518247 0.342848 0.761044
-7.80416 1.23658 -1.19844 -0.186226 0.519195 0.343594 0.760361
-7.67634 1.20857 -1.15853 -0.185883 0.520527 0.344986 0.758903
-7.54233 1.17864 -1.12216 -0.186412 0.521795 0.347064 0.756954
-7.41695 1.15407 -1.07117 -0.186645 0.524206 0.349203 0.754244
-7.28226 1.11488 -1.02315 -0.187499 0.52628 0.350982 0.751759
-7.15552 1.08525 -0.976781 -0.192882 0.526028 0.34207 0.754674
-7.03589 1.05962 -0.936117 -0.198272 0.525533 0.33208 0.758076
-6.92165 1.03576 -0.908692 -0.204208 0.525065 0.32149 0.761381
-6.8079 1.00934 -0.877453 -0.210698 0.524315 0.309344 0.765151
-6.7571 1.02906 -0.889908 -0.201102 0.525587 0.293847 0.772926
-6.62052 0.980669 -0.860399 -0.210277 0.524719 0.281679 0.775598
-6.49329 0.931682 -0.847306 -0.218397 0.523728 0.269546 0.778331
-6.36529 0.897626 -0.811084 -0.227967 0.523421 0.255782 0.780435
-6.25174 0.876724 -0.763901 -0.237447 0.523853 0.241632 0.781826
-6.13227 0.837275 -0.730442 -0.247045 0.523723 0.228345 0.782931
-5.98719 0.786217 -0.705659 -0.257373 0.522773 0.216211 0.783684
-5.8527 0.741758 -0.68022 -0.266753 0.522427 0.20473 0.783862
-5.77657 0.730305 -0.642952 -0.275173 0.524475 0.191758 0.782864
-5.64826 0.685677 -0.594013 -0.28431 0.525782 0.182479 0.780939
-5.54587 0.661267 -0.569818 -0.292262 0.52758 0.173862 0.778754
-5.49092 0.655157 -0.551717 -0.297697 0.531153 0.164859 0.776222
-5.45466 0.639783 -0.516466 -0.3016 0.536453 0.155922 0.772911
-5.37389 0.622523 -0.477298 -0.305778 0.542187 0.149941 0.768441
-5.30035 0.592298 -0.444768 -0.308523 0.549124 0.147116 0.762946
-5.23617 0.557509 -0.440065 -0.309332 0.556439 0.147191 0.757286
-5.23113 0.597641 -0.432013 -0.304528 0.568679 0.148524 0.749848
-5.20435 0.599139 -0.419763 -0.300611 0.580199 0.152438 0.741779
-5.1427 0.556897 -0.409146 -0.298072 0.590679 0.159921 0.732908
-5.12754 0.546993 -0.398567 -0.294389 0.602652 0.165415 0.723374
-5.17278 0.585562 -0.405066 -0.289302 0.615379 0.167781 0.714112
-5.15421 0.576152 -0.374484 -0.284856 0.6284 0.175178 0.7027
-5.09007 0.529962 -0.39338 -0.277931 0.640559 0.189909 0.69057
-5.07193 0.538214 -0.398708 -0.268128 0.654298 0.201468 0.678187
-5.04828 0.55346 -0.386039 -0.259451 0.667532 0.212585 0.665155
-5.00239 0.540183 -0.35167 -0.250155 0.680884 0.225467 0.650797
-4.91631 0.492279 -0.342485 -0.240757 0.692466 0.241889 0.636068
-4.84862 0.464536 -0.321772 -0.230479 0.704215 0.256834 0.620953
-4.78317 0.430984 -0.301517 -0.219756 0.715317 0.272036 0.605499
-4.74715 0.418215 -0.278835 -0.209982 0.724709 0.284736 0.591821
-4.59474 0.342069 -0.27724 -0.199429 0.732876 0.304155 0.575551
-4.50908 0.33458 -0.253983 -0.188575 0.741338 0.317864 0.560794
-4.43937 0.352638 -0.227047 -0.17817 0.748843 0.329032 0.54765
-4.3555 0.318787 -0.165675 -0.170296 0.754658 0.340667 0.534933
-4.18314 0.263381 -0.139827 -0.162252 0.759306 0.355561 0.521007
-4.0236 0.212309 -0.114037 -0.154579 0.762804 0.369125 0.508677
-3.92112 0.210443 -0.0755836 -0.144878 0.768097 0.373508 0.499974
-3.78386 0.185957 -0.0566317 -0.13584 0.77233 0.378884 0.491878
-3.62853 0.153804 -0.025133 -0.128388 0.775841 0.38313 0.485016
-3.44442 0.0867761 -0.0060864 -0.122472 0.778121 0.388157 0.478857
-3.30197 0.0599774 -0.0200317 -0.116141 0.779677 0.391031 0.475552
-3.14587 0.00126058 -0.0128905 -0.112187 0.780866 0.392985 0.47293
-2.9416 -0.0571924 -0.00638505 -0.108221 0.782674 0.394839 0.469308
-2.7181 -0.116572 -0.0360904 -0.105174 0.782987 0.397118 0.467552
-2.52902 -0.219082 -0.0670746 -0.102277 0.782509 0.399 0.467397
-2.40733 -0.277022 -0.0654837 -0.10077 0.782992 0.395247 0.470095
-2.19483 -0.39029 -0.0981749 -0.100203 0.78255 0.396073 0.470257
-1.92935 -0.555764 -0.136271 -0.100437 0.781821 0.399512 0.468508
-1.71635 -0.691336 -0.157876 -0.101354 0.781692 0.398745 0.46918
-1.52447 -0.792293 -0.214742 -0.102425 0.781002 0.39656 0.471942
-1.31174 -0.922265 -0.226312 -0.105395 0.781277 0.39367 0.47325
-1.05911 -1.06131 -0.258887 -0.108647 0.7811 0.39175 0.4744
-0.818663 -1.21197 -0.312232 -0.112526 0.78043 0.389959 0.476072
-0.612537 -1.3319 -0.33688 -0.11658 0.780774 0.385205 0.478397
-0.40856 -1.4587 -0.351815 -0.121634 0.781178 0.380087 0.480568
-0.155749 -1.61992 -0.393907 -0.126987 0.780954 0.377875 0.481292
0.0942328 -1.78554 -0.438005 -0.126852 0.78593 0.364733 0.483363
0.157339 -1.83848 -0.451422 -0.125872 0.791426 0.350795 0.484964
