2.0968370179560405
2.0140271170735295
3.0251850358176475
2.2643172964109244
3.116002928590731
3.290489109710057
1.9444323335772802
2.705970597562403
3.7916472066880167
0.4298419938455172
1.0403878688160886
2.2774025114723275
1.9030539922190794
1.1400830134287263
1.5514392481391772
2.7921654902728106
0.7588167146097847
0.9782564052925331
2.4427315262535734
1.5611409896166648
1.0713516338914821
3.0498024344180976
1.282984027808372
2.5278322484630724
2.27572675631662
0.6962945377352961
1.4742534405458667
0.30686279111862536
0.6811718474166089
1.665236868710677
2.4979248327348786
2.7410239051306022
2.8602421039401325
0.8751140015817686
3.2063163770991725
1.0550006187547496
1.2217024383274222
1.6849312006803128
2.89593794928983
0.295246815261539
