0.843755775680265
1.2286297442737932
1.5598358239346224
1.580153301017911
0.8256256600829258
1.852658008903177
1.8269309108684955
1.7514225392471403
1.8800774661156607
1.5361301135703276
1.590301375407863
1.4441672071524596
0.956087156388833
2.238330453792186
1.696583431839784
0.6426582175442119
1.8973653122284435
2.0564688252484085
1.7940751604797265
1.3794729872039033
0.936588721569421
1.7189999303237455
1.8085567377924514
1.2313418901690223
0.675771110698121
1.6019316071478527
1.7423615434769115
1.3823025784832044
0.7545298336662516
1.1211455960411612
1.933666354855125
2.0374759839551317
1.5966579726149532
1.731742450341864
1.49861682232791
0.532491752260192
1.68787861930141
1.8303899243647541
0.56108748185289
1.3983749261450675
