1.9646802221445991
3.7382859269205184
3.0780384313399933
0.8457845480869023
3.334631188538879
0.36311512246951344
2.6017763190467376
2.761186853932331
2.386563950527984
1.3913511815198725
1.0152469207021062
1.2508143450434501
2.2548159824336227
2.1213769811580465
2.145462182104674
1.0044914098663078
3.0105396771835182
2.9931139197295105
1.1486361388737367
2.334324648550909
2.8757321484267475
2.8703797478972732
2.362216691567823
0.8493133024156264
1.9276641750918793
2.0240664871456913
0.907366726405839
3.5394741522813553
2.81431373129618
2.4398909865447322
2.4493250180553967
1.9852801477160111
1.8482924541227421
2.464862018156248
2.5354923602753416
0.9996690331875462
0.7941097982154809
1.9130649565194011
3.1207277119893044
0.5687038121000176
