1.776784453858222
1.8904260734183764
2.404208577692986
1.7355530888871227
1.3370557669694634
1.4086559406402905
1.1446479604765778
1.7739684221062906
1.469295131784079
1.6610938051757178
1.9827732025188711
1.677797492577494
1.5723834542496218
1.2009422800321132
1.6130307849844092
1.2854834031740334
1.8540713659058117
2.023582437897401
1.9673196527069354
1.9861163308269956
0.899462148758221
1.7893488468271257
1.9174066694608183
1.321784160327654
1.268911822323805
0.8437144427900867
1.598858884152094
2.042436312209514
1.9068807599158428
1.8313054747138293
1.6680855281028952
1.791417845346058
1.5912114098901724
1.8280950611357067
2.2075953761724887
1.660382910711137
0.6494268102059942
1.9959177288750487
1.3132708328510738
2.2013964850717103
