3.1515829056814977
1.7169959874195693
1.7412853636687662
2.873588981114323
1.65842525349452
1.939406779121255
1.3688816573995317
2.660647917271106
2.164250748901861
1.8213328238919795
2.4814129848154582
1.8007653188796278
1.4531149379814172
2.8830825571582275
2.3917753259463006
1.0332561207837578
1.943375308783736
1.8326672601475644
1.5965800429706856
1.3807424977975065
2.2159885881166415
2.183726213928431
2.067719951578853
2.60611953999109
2.7657446901720473
1.6286480914988948
2.258608317562518
1.9550768775211151
2.8236296765241677
1.6675398019505132
3.1779993730508522
1.9922446388753217
2.121889248811145
3.303673021607357
1.89112543893746
2.223460394280352
3.3191771343623424
3.0661266997415986
2.876665139147653
2.7658152622392698
