3.723839407284084
0.605525542227315
2.310274046822009
1.0497056579078263
3.329490912121898
0.6376440398532838
0.6857395538584646
3.541093650779079
2.688544117912477
3.5289534833958016
0.6347911170581013
2.5649099939032327
2.317908237332406
3.1245304638655247
2.736876801633022
2.9416790235955013
2.299091644181617
0.13179114365141384
2.272153115863753
2.7373541917845925
1.045252738609811
1.3690363577791262
2.307291225089901
0.45469204739872243
2.14133243352433
1.773931861343814
3.273267590463791
3.208642530430378
1.861766267024163
0.5281363171173958
0.5846871166555664
3.580365759311074
3.3146077010152744
2.9981925002974523
4.146994832583929
1.642173169860641
3.5181841279341888
2.8953933285856794
3.2368870986382876
2.136958022248962
