0.49729108422494256
0.6651859954602451
3.3292520829221703
0.4997161568507731
2.507783910565543
2.2038146251074644
0.28336294988793537
0.7663151962571467
0.5919670064698163
0.6192966969195999
3.170534134187754
3.0678995799916207
2.2987891362359374
1.6167037532883264
1.3756578843911462
3.256461086780824
0.2057562750320912
1.3547903868173934
0.5388896289617423
0.31206572380744146
3.130510047734972
3.2673606466454617
0.8131792493170046
0.3818128832982439
0.6359638925451577
0.46101553976133974
0.6777494443467561
0.9528985709832092
2.9204555339863463
0.7142503940444113
0.46023501257128835
3.422160516893491
1.4588164694725365
0.6206949255488837
2.8130685716837296
1.5104882557195174
3.177710035065328
0.529984191669625
0.9666296039785103
1.65327610753814
