1.0113212628706945
0.8425202353066853
1.3114316998270834
1.8391049536888802
1.103496925082461
0.9862298879869376
1.7791481826543272
1.8749236700993581
1.4521838036737804
1.5111156333575873
1.816066484534962
1.9993810041125613
1.3180850455298951
1.254506201653519
1.8620667932910386
1.7977427355090794
1.5057000842788588
1.6825989703134911
1.655373187659401
0.8533826180496805
1.312509633035557
1.4792097358268457
1.7650488211430035
1.211407697130655
1.0786103460432457
1.45567901685739
1.7336213859150893
0.9155048016024772
1.8584415800806127
1.8152961900304672
1.710916011016237
0.8636212427257852
1.6761754584707333
0.6670058559031041
1.2235604984674615
0.9463647224133267
1.5875748333857498
1.604255141139622
1.4532756437441918
1.9226225814407871
