1.1298640380415148
1.8455912035997952
2.0376861576490897
2.2018547293913637
1.770766464857037
2.895012983599573
1.1241097797623991
1.4146297771973042
2.473641973138673
1.6979281605698826
2.3704723095309252
2.5102746990222866
1.6303614794622279
2.298742780307576
2.1489313150451137
1.2136022556473944
3.137443846117104
2.032779139672493
1.3165598787438693
1.1906858529186573
1.6285487790360516
2.472469406967946
3.339542749364082
3.0391867245764885
3.317747620966334
2.415627003960108
1.1099684020988732
2.040221625426649
2.7029499724364436
3.456775242904608
2.8369748562380313
2.303408658140188
2.3183370961797065
1.9553613648230708
1.9468728166533553
1.9039090864271886
2.1081318224001393
3.277365385942872
3.2157759145905085
2.9505868272591447
