2.002480165594999
3.659046393025248
0.32605397521101365
3.4088063801565163
2.03031598087734
0.30465390230434464
2.9934980517236784
0.9640327451479107
2.263490483437899
2.4854155342904685
2.8931347322340315
2.81859281973144
3.750896118284798
2.9159863305733986
1.288467389057041
3.874725653891868
0.8912636178557848
0.4483662940199009
4.003315510608184
2.725422841021466
3.771147801848263
3.066885160697471
3.0929925776307376
1.7326801268469885
3.125616959920861
1.6273910315706106
3.010264094080197
3.5388446981393185
0.6557953156787228
3.089527205493806
3.598939301245952
2.951942036399695
2.28192752671817
3.7676224051191243
3.9003887137429354
0.583164623251783
1.9065830884600514
1.8059847315954614
3.090929848977156
3.4022337246676773
