2.094807431586117
2.546226610024437
3.3669443275909776
3.4170875213767813
2.6279752961867615
3.295112383975199
2.327936750227296
2.0373113828885914
2.6439258127658953
2.725696316030749
1.8863356393328108
1.032483412935945
2.0389303608635405
1.7074426336206467
1.302043345562811
1.585214574246955
1.5955300669539656
2.934653250794865
2.3244384474026063
3.3870078817585756
1.868754703368941
1.7960884158007628
1.437585730191377
2.881365575838446
3.7957251777061263
2.4276491363605452
1.9599569830662176
1.9896748062248157
1.93817989010955
2.7249551117907704
2.3833770104773433
1.778457466988271
1.4528263120539477
1.7271058773192194
2.810458829742784
2.010506542899164
2.0818513598640314
1.756004567657744
2.5071862394178255
2.144681385736606
