1.3798341638186673
3.6113631755589215
3.2058051011317965
3.6635279206358664
0.47362320649822665
3.0650597798064503
1.0167206583917006
0.6677322381732582
0.6578909049077927
1.7311836833930407
2.6393222908609624
3.04022938176561
0.5158551477672191
3.197378025643324
2.377375917552655
1.0363233355589767
2.9442961373929992
3.0643502092883605
0.576594297649158
2.9305724582436796
0.168884296662049
3.807606962580673
1.2977994066846383
0.21955969049432741
2.5697013613139483
2.93333233507402
0.5069236184542204
3.852528602482802
2.654911840551789
3.275065161296711
3.6093568525066866
2.3404982739492497
2.6073113204438356
0.7300959905418406
2.8054666664589187
3.214272059954358
1.1559229255879393
2.737031861022463
1.339148931594175
3.5594415762824725
