0.9195851539146126
1.9232762822082468
1.6589494858062037
1.9631367404477305
3.15105380752031
0.9871020177387985
3.400618109733218
0.898538053599954
2.8962524802398084
2.400309835433848
2.5135042875120246
1.6409108197083515
0.6909348009077585
3.4729515426937936
2.5211914322503013
1.927769773277925
2.7413584431020395
2.3363160571072563
1.9980041976755145
4.253380719189749
3.175371520849752
3.0970183113686596
0.8339833860082364
2.8962850704017944
3.1150285075590776
1.3896200211658574
1.863069452713799
1.140054099940034
2.430148365037591
2.057616828998634
2.756597435391206
3.09866606475188
2.079609063112014
3.6690869813185696
2.927778754759315
3.1860979585548326
2.8905317498662075
1.0624927179494603
0.9480060144977138
2.302758911676867
