2.8531588720705847
2.1605219427728173
4.005371082277482
2.4137500735010775
2.3871257043619827
1.0521163057290885
1.9600550379268995
2.0076786674438196
3.0192594717407153
2.1855877680359894
2.8024852664281252
2.9073449811462586
3.1498963282064216
1.084566871410078
3.1799336415761985
1.7108818505715386
2.4330705226162435
2.424716189973637
2.9525521042239156
2.6602317148015318
2.341593644086245
2.5789522951122748
2.277608369911445
2.1656418833312685
1.6118194835433581
2.7063870394477925
1.7249049514319545
2.876134085275922
1.1134495171738175
2.205807144542414
2.398753946876658
3.2156400023830476
2.477884252166617
2.2447744572818684
0.9045188322464716
3.0130652817932693
2.5787171463931906
1.5726399846580328
2.2233255808874532
1.9429281041084925
