1.7407484545917182
2.6981725929097675
0.9600068092721769
1.1393974959238007
1.4193717550875822
2.101357171232551
1.5245980786282818
1.4162468826083612
1.4285669915210204
1.7479426722951847
1.6489988850759303
2.0034677611704823
2.128214792703499
1.5832937467854602
1.442319277586748
1.826039828790262
1.5875731362852152
1.5037031193471
1.1992227791032595
1.3085459198808924
0.23912177566493545
1.4789483694671222
1.4228094107124312
1.4352560026753813
2.2080505410368714
1.3563280200321515
1.4962465179054696
1.6929296603768553
1.0224068787076073
2.130861221454292
1.7709364612705059
1.6015468150025864
1.2575255436867248
1.6536407481139888
1.7478572650114719
1.4650918074665749
1.5245194087623348
1.7215483126935311
1.5337699789531796
1.6169468441721428
