0.3270105087114453
0.715536159910072
0.2146806641713256
0.6155230632497767
2.775150687466679
0.7746951300410992
2.8281495811134576
1.3145027278805448
3.146543941325888
2.488582215020786
0.711463489315202
1.2088008214450827
2.7571124002253664
2.9070494834687364
2.425415542397921
2.6543547123450915
1.7498279215589978
0.8149978947765445
2.7648375474907976
3.265023539119498
1.4807600312200468
2.8280285644168557
0.720728064354907
2.6202555790269426
3.235290857443306
3.4862037870965588
1.1551907979504548
2.7483361359715937
0.7767785262504215
0.46062641248397496
0.5657328223875285
0.9588041968328803
0.8635039915400179
2.943483508499265
1.881970752139282
1.1543657164499708
0.7701396282414721
1.2302705691201776
2.6401319047926743
0.7054811636173489
