0.5409686968913241
0.7002427723777717
0.6034754956488996
0.5674334941329883
2.0632795362865575
0.7122212382854541
0.7815556503501201
3.497477567404789
0.7483055721862093
0.5889207792150971
1.9484430980065297
3.4875946780435485
1.0581909648754053
0.4580983864045475
0.8851947233474644
3.066435014911133
0.702576210606749
3.039945163782336
1.023226579589482
0.5247712192650031
2.623604562581915
3.042921522255381
0.6300510294307768
1.8376351907627746
1.4968636178866483
2.432607010008922
1.513926263252015
3.4205986933701724
3.1949413690919077
1.5592180892942533
2.433376725762653
3.2129100266932102
2.5733933552972967
2.6138963279110627
3.5828592889520148
3.5460287908905235
2.961294898367631
1.031255197880799
2.7019304276420755
3.3077397852803645
