1.6939431033276253
1.304689361563054
1.7925262361486989
1.2330540079149936
0.8125484109780783
1.7976949853235376
0.9403872020550182
1.6943422553412755
1.591172305643424
1.3162008146058712
1.4379265630903255
1.0974383100020622
2.09156921939045
1.7481267306023125
1.5974333742564581
0.6346166964962746
1.256431255932831
2.3646756132716735
2.3004389605670243
2.0901942663013884
1.636489469318164
1.0204964759057813
1.7144387500150953
1.892565641769027
1.9889705721209083
1.5755873726532148
1.4054753767927102
1.6775883982288917
1.4363725792528184
1.5914487495160172
1.5106873783885153
2.193713175575408
1.3248663301947492
1.642041820438657
1.7185606042834505
1.8246369019239879
1.4518299303485347
1.6067212965402096
1.8842180310807208
1.9165467382679016
