2.5784648560620265
2.25503128072534
2.5272200342911666
1.857682966861918
2.341062780254419
2.3433379853430516
2.43191931000246
1.931063510594886
2.0895241835814486
2.4180888684384128
2.916584812555788
2.400340906301379
2.337131183398074
2.2056476357462556
3.1102783849272875
1.5775511556220065
2.515202971669771
1.8050877822714593
3.586236871172665
1.998604995335947
1.562935779749389
1.402300623969828
1.9313147026861186
2.4888109913237924
1.868214101346676
1.4626564523427885
2.2477279302322937
2.631214353946466
2.969051119265247
2.3946704138605104
2.335925395973187
2.4486995769876256
2.1387706683148324
3.360733353398073
2.032535630992042
0.597577703650785
1.9759848240538094
1.8479467291119938
2.9568068328216675
1.7766172466878367
