0.3324491687478592
3.180519122472867
3.4795296654963894
3.282991488060972
0.31389155032638383
0.6053056766807509
2.859467795989269
3.526492826970489
2.1665614609605788
0.5386696907688926
3.4607118409835187
3.5425762130080662
3.469989134870602
0.20898328473865516
3.023919664360262
3.2979434945374084
2.151631961514335
2.1441030963641103
0.8030435670384805
3.773504721317811
3.450220143215205
2.599851391858982
3.579171774254394
3.1943808468048065
1.4739391946751448
2.371117902696839
3.1252114668930253
2.8853438951492762
1.4153608655168963
2.547857971069729
0.34932482157281963
2.787781843805145
1.6092844506866626
1.850439052374626
1.8081000599448023
2.2517064680130017
1.8690384042462616
1.2443654183043584
1.250070299531219
1.3623370919447457
