1.6303773117791565
1.2350543310691433
1.708292409363759
1.9385195651452016
0.7682996095182084
0.6264196071666105
1.6514662693476223
1.2531614100629052
0.1872723246401352
1.4360636248694623
1.9029692939823502
0.8495470869338395
1.057153755884867
1.7387962875770309
1.1133501220606374
1.8833896030892825
1.8158165424454213
0.8701113497806504
1.8120593791067812
2.1453492725397614
0.9985767541609523
1.1932393353685171
1.478786007174954
2.121751857496759
1.0515397727111329
1.4414313149794766
1.0830127638770375
1.3509621604400768
1.841400696851635
1.8125315333351615
1.2504617855391422
2.1251004760175953
2.4487791156878673
2.113012991024365
1.3721886290022212
1.2629486785890056
1.0836442323645967
1.3105032386185271
1.3974487571335474
1.8874126648687173
