0.5036212208841307
1.3283436618101419
0.5362984289909515
3.742034074828127
2.081721881638261
0.45740498632775606
0.45672658667656457
2.3258017112689395
2.2587592126600864
1.8685862446416934
3.2058840991703197
4.275749381304216
1.0519166521440773
3.2222045131233426
2.8270572891725996
3.0290190293127908
1.2093873464948877
0.382658216926572
0.6919387699095829
1.7872767903894338
0.36656134461154843
1.694155775775337
2.024385842983796
1.963353419005822
3.2081009948703527
3.197232327459771
0.4626894116719437
3.2390027527513086
0.742754972194224
2.3956554695406487
2.91831745695383
3.0948094007888156
0.15033440919821212
1.8750125444500734
3.2082227558939707
0.7112556246815941
3.052342945339374
0.5812176302815012
0.20693136883321522
2.74397455837907
