2.943286750026578
1.4225140756493801
2.4180846972151153
2.070652428498247
1.1513259647831724
2.8980314552998157
2.6343549585357566
3.7006739671192608
3.8574204440758026
2.52600315229603
1.3677786473480122
3.1985049013531204
3.450490409878406
2.3876539990033567
0.6561467719922042
3.044961319787741
2.911694312580121
0.7867152754710001
1.7983640322939305
2.2528293977601614
2.6183574466271398
1.2539179654159673
2.653231398202447
2.7751380174453466
1.4258278156728998
1.7132706160775735
2.705309904858813
2.6573878270582774
0.796803830572054
3.338458829530615
1.6023079114462107
3.1761493639667013
3.000273100121665
2.176574407061229
2.973757192940021
2.6930321092983847
2.996280609658145
0.6362720383627711
2.7893920726475665
0.8843546889215684
