3.050982877882292
1.5717026685056117
2.1335477230459277
2.050756820904417
2.3701271761493725
2.1822177665108717
2.5800768594177734
1.6244872130160677
3.350235073025717
2.2056155718413053
2.6047810389442962
2.184680203534078
2.4819370919202615
2.8718512634002837
1.0885110166193737
2.6033330142649582
3.215452858040919
2.03680426576378
2.566494434948514
3.231336754317958
2.111447283321809
2.173316679726847
2.0676405604863097
3.1807517195738284
1.9408361429198369
3.010563131611511
2.0446866469494633
2.5529884932294404
1.4003382976463155
1.9422729042196967
0.5625284863675695
2.0385352698239534
3.197805830876236
3.565082389230043
2.6769598169394984
1.8912652081695003
2.0612532788913587
1.0895580497728818
1.5145883182713926
1.6812215593566464
