0.5280307119472151
3.032884414269201
2.2044792796713577
0.3318610969880703
3.226995595473047
3.3373876022027242
2.9117467950316693
0.9877194097436616
3.243096025056664
3.657965785256285
3.054284012732959
0.2330615828568536
0.4514255551649961
0.5393727437113293
2.9384760247944364
2.850677675270369
3.218976539406325
3.9757747631164775
1.3469932979318595
0.7949812024094092
1.0078829962621274
0.4106895246860908
3.378203236405286
3.295419684619357
3.5668073519217227
0.4631539768794841
0.45561674167555355
1.0339657521615497
1.8163040790901481
3.9551447811816347
3.2545826435105463
2.9945575716043877
1.0847158982067349
1.4029363229230425
3.246177217748985
3.0828094306606304
3.0680529694485728
2.5995994084530483
0.9613219615262699
1.2592745966525671
