2.1663383780300602
2.2969679348658034
2.92639562640173
2.945516379395078
2.5941091682969284
2.5556451510368934
2.374390025844983
1.7186395645507773
2.3042548098377704
3.2908251684511565
2.883507145537249
2.165323989070692
2.5714303328029025
1.1337358113280107
2.7080541293649385
2.8052808866910626
1.8434497311607252
2.8616547027828334
1.715143480232104
2.365657720660257
1.3657335753374722
2.2641480902924442
3.627901746198727
2.5350990624654837
2.929545237695841
2.345095577839184
1.828939233566064
2.0018633010344358
1.3451653426101078
1.828105554147251
0.24511554508205358
3.4647321990977247
1.782179945137206
2.1186494518256467
2.436059761614861
1.6427607880880106
3.4552677128133618
2.6479935519019198
3.2693631029159325
0.9478235316589428
