-0.7830604470467379 0.5933536994192921 0.18640741309401793 79.68753814697266 -0.6216143329676547 -0.736882873347322 -0.26570519757161803 -29.74416732788086 -0.020296731760092293 -0.32393675054373694 0.945860996302852 0.5333691239356995
-0.7809304288454504 0.5967510897135767 0.18448794602607416 79.96257019042969 -0.6245925485873437 -0.7433921715797607 -0.2392743769882062 -29.784242630004883 -0.005640350381636294 -0.30208643822519776 0.9532638513486106 0.5616253614425659
-0.780111710642967 0.5994433922636754 0.17914613696399184 80.23770141601562 -0.6255881457421061 -0.7510798837864586 -0.21099402853700255 -29.814245223999023 0.00807408351810844 -0.27667061217761707 0.9609308932137656 0.5966936945915222
-0.7804924912027565 0.601379215929467 0.17080547363645704 80.51238250732422 -0.6248205467240971 -0.7594533095930537 -0.18119038313210095 -29.838504791259766 0.020754651707873828 -0.24814050293375484 0.9685016960420193 0.6360839605331421
-0.7819336394707503 0.6025077417845128 0.15988810010051974 80.78649139404297 -0.6225240090428117 -0.7680518818443276 -0.15020041598029274 -29.860023498535156 0.03230544271933776 -0.21698093899030482 0.9756411381679196 0.6781774759292603
-0.784274053362112 0.6027932152616983 0.14681467521139485 81.05995178222656 -0.6189476180883074 -0.7764603213487657 -0.1183774278897049 -29.880739212036133 0.04263865952130928 -0.18371093872014127 0.9820551082850649 0.7222625613212585
-0.7873366489740738 0.602226353539312 0.13200159197911263 81.3365707397461 -0.6143533210963186 -0.7843196686002403 -0.0860967729054561 -29.903053283691406 0.05168169927740665 -0.1488827610892326 0.9875033799487709 0.7685461044311523
-0.7909303903501511 0.6008376718573324 0.11585857627995522 81.6161117553711 -0.6090177911612077 -0.7913327958603035 -0.053756267030358115 -29.92998504638672 0.05938390076174974 -0.1130773994791887 0.9918099888876613 0.8165954351425171
-0.7948583104071671 0.5987002679173037 0.09878388316123483 81.89794158935547 -0.6032254577500016 -0.7972734329132074 -0.02177430350414207 -29.96694564819336 0.06572148430281234 -0.07689643923185377 0.9948706569873781 0.8657635450363159
-0.7989193330810802 0.5959367428095955 0.08116216975150124 82.17897033691406 -0.5972682785101701 -0.8019862915746672 0.009412311714469587 -30.02865982055664 0.07070008992058972 -0.04095591160995407 0.9966564656838472 0.9152075052261353
-0.8029126621338775 0.5927196055370285 0.06336186705834623 82.446533203125 -0.5914409182440463 -0.8053874393274053 0.03935368852197561 -30.142799377441406 0.0743565545982974 -0.005877226018678627 0.9972144007196226 0.9617602229118347
-0.8066402932433182 0.5892708268257999 0.04573106130816923 82.66390228271484 -0.5860373504999475 -0.8074597678568206 0.06759398724450942 -30.34287452697754 0.076757156899765 0.027723923687806032 0.9966642980061127 0.9955572485923767
-0.8099108824822485 0.5858553917295971 0.028597594622379905 82.8262710571289 -0.5813446096559166 -0.8082474530797696 0.09367229800787143 -30.588075637817383 0.07799235386135935 0.05924115606084972 0.9951922820077226 1.0140801668167114
-0.8125375282479506 0.5827797064262232 0.012271062157616794 82.97759246826172 -0.577642997423137 -0.807842032908916 0.11713162422507298 -30.835355758666992 0.07817501337847556 0.08808554730121718 0.9930405850920295 1.0287011861801147
-0.8143400996147284 0.5803804544980374 -0.002954690529471324 83.13421630859375 -0.5751995765598549 -0.8063706257093651 0.13752040255340306 -31.08551597595215 0.07743157808566985 0.11368791505581315 0.9904945273374429 1.043923258781433
-0.8151422371875903 0.5790172527865397 -0.01679744410136922 83.29210662841797 -0.5742678232829314 -0.8039769651462771 0.1543939981219017 -31.329986572265625 0.07589203050844062 0.13549930069823357 0.9878665594176146 1.0597704648971558
-0.8147693419447124 0.5790606553364073 -0.02897717840561493 83.45051574707031 -0.5750843133139787 -0.8008016148250159 0.16731648536183377 -31.56913185119629 0.07368142240191883 0.15298866341993314 0.9854773040805215 1.0763500928878784
-0.8130440697785764 0.580880629436007 -0.0392050372263303 83.6082992553711 -0.5778678010262005 -0.7969578139300191 0.1758608749922193 -31.803627014160156 0.07090941499570608 0.16563797016962523 0.9836340364704005 1.0935900211334229
-0.8097818513984092 0.5848317434773034 -0.04717186626647264 83.76549530029297 -0.5828173163754697 -0.79250568845351 0.1796070975817035 -32.03340530395508 0.06765595966845803 0.17293514850985475 0.9826067909042835 1.1115777492523193
-0.8047844004956283 0.5912379050633806 -0.05253387797561803 83.92119598388672 -0.5901113883751107 -0.7874223675066853 0.17814197837726467 -32.259033203125 0.06395793952975155 0.17436672494037272 0.9826014589876595 1.1302355527877808
-0.7979016674184266 0.6002727872861946 -0.05500463593695987 84.07493591308594 -0.5998152450636312 -0.78160396314799 0.17122183441550837 -32.480865478515625 0.05978796634901229 0.16961080636273929 0.9836958744677293 1.149514079093933
-0.7892323027061912 0.6116549547989687 -0.054686274648712334 84.2267837524414 -0.6116243314794472 -0.7749545612028659 0.1592517039569517 -32.69886016845703 0.055027715811235785 0.1591340451969498 0.9857222256558146 1.169374942779541
-0.7789420812218029 0.6249558521979958 -0.05176308438765331 84.37651824951172 -0.6251370503048971 -0.7673398674057348 0.14280474861096912 -32.91323471069336 0.049526785055554995 0.1435956499801657 0.9883963713353234 1.1896800994873047
-0.7672065929405127 0.6397183262745797 -0.046416664863603935 84.5240249633789 -0.6399483993307217 -0.7585970223941998 0.12246062146135164 -33.124141693115234 0.04312876004080135 0.12365686654247535 0.9913873558878179 1.2103179693222046
-0.7542183971231341 0.655473847996865 -0.038841267141955474 84.66963958740234 -0.655652955488904 -0.7485694590975042 0.09880772674814026 -33.33138656616211 0.035690494528310995 0.09998899688792015 0.9943482232606804 1.2312610149383545
-0.7401891819547994 0.6717618254275489 -0.029257901758872332 84.81277465820312 -0.6718524591592839 -0.7371338953004862 0.07244234618477084 -33.53546142578125 0.027097011619499584 0.07327803420793104 0.9969433693364501 1.2522917985916138
-0.7253531998801006 0.6881434667795984 -0.01792497007682323 84.95421600341797 -0.6881601420263187 -0.7242255468231711 0.04396562583423688 -33.7358283996582 0.017272936925030156 0.04422585733747912 0.9988722236566343 1.2734911441802979
-0.7099651127197235 0.7042180441900389 -0.0051463538575437315 85.09333038330078 -0.70420964676385 -0.7098545044151998 0.013976979866365612 -33.93299102783203 0.0061896789580835835 0.013547280118448215 0.9998890733855373 1.29460871219635
-0.694297343367906 0.7196353507467296 0.008727024000167519 85.23039245605469 -0.7196621821488783 -0.6941178969313517 -0.016931885432879514 -34.12677001953125 -0.006127199766827978 -0.018036272209884182 0.9998185586934204 1.3156163692474365
-0.6786392513962918 0.7341022183613276 0.023295910826960118 85.36556243896484 -0.7342102662142446 -0.677210007101624 -0.04818600696287104 -34.31705856323242 -0.01959723066885356 -0.049805012583025006 0.9985666774290617 1.3364520072937012
-0.66328538221738 0.7473952095418892 0.03811695804467938 85.4984359741211 -0.7475898892010033 -0.6594171091265014 -0.0792365682982251 -34.504119873046875 -0.034086057284113555 -0.08105230993058292 0.9961268311584328 1.3569238185882568
-0.648536098458985 0.7593569090230547 0.05270686591469665 85.62962341308594 -0.7595786168951437 -0.6411204155941308 -0.10956704552039964 -34.68747329711914 -0.049409045237264575 -0.11109319253384106 0.992581003657324 1.377111792564392
-0.6346871307076848 0.7698983001158586 0.06654963255163873 85.75865173339844 -0.7700019782574283 -0.6227834151870418 -0.13870029288942368 -34.867435455322266 -0.06533911228118666 -0.13927463963937056 0.9880958329836385 1.39678955078125
-0.6220261559360246 0.7789903376071158 0.0791044578149954 85.88568878173828 -0.7787312928407856 -0.6049420510592908 -0.16620074732292053 -35.043792724609375 -0.08161516330910035 -0.16498232867471155 0.9829139312997341 1.415948510169983
-0.6108264051631087 0.7866542645082694 0.0898118638402951 86.01089477539062 -0.7856819203235216 -0.5881881852724085 -0.1916731039626964 -35.21635818481445 -0.09795418741563616 -0.18764255070986632 0.9773409079389023 1.4345623254776
-0.6013444489754787 0.792944424578147 0.09810195317530053 86.1324234008789 -0.7908063601782547 -0.5731537030451601 -0.21475598568431226 -35.383323669433594 -0.11406206375477339 -0.2067219683924556 0.9717282919602321 1.4522637128829956
-0.5938179859623596 0.7979276954730754 0.1034001564052698 86.25099182128906 -0.794085408053884 -0.5604913028027387 -0.23511245011352658 -35.54402542114258 -0.129647847122518 -0.22172255699300417 0.9664525562369737 1.469254732131958
-0.5884652378956288 0.8016584377387399 0.10513045700805985 86.36579132080078 -0.7955166217175682 -0.5508551348120054 -0.25241221250627777 -35.699031829833984 -0.14443672787593895 -0.23216883867894464 0.9618917101144816 1.4851831197738647
-0.5854846073064899 0.8041491407868083 0.10272260695194187 86.47755432128906 -0.7951009930096545 -0.5448778272517167 -0.266312906717849 -35.8476448059082 -0.15818402423198957 -0.23759695440237916 0.9583973610859366 1.5003228187561035
-0.5850554765560403 0.8053371342401122 0.09561479783855889 86.58566284179688 -0.7928274120412179 -0.5431475544973474 -0.2764334074593309 -35.990318298339844 -0.1706891445517553 -0.23753491166031776 0.9562648072969723 1.514356017112732
-0.5872598330957131 0.8050879263283924 0.08342253480112026 86.69046020507812 -0.7887063932826995 -0.5460431189514314 -0.2824520090932063 -36.12672424316406 -0.18184640119449963 -0.23166860625911717 0.9556471855483943 1.5274419784545898
-0.5918440545277378 0.803309977970057 0.06643564114174681 86.79169464111328 -0.7829123644475453 -0.5532903874922298 -0.28446085267370674 -36.25708770751953 -0.19175203966404714 -0.2203697492906977 0.9563829405014671 1.539648413658142
-0.598478600122552 0.7998659644946277 0.04514204291377952 86.88908386230469 -0.7756236864288316 -0.5643899451300872 -0.2826161476041429 -36.38169479370117 -0.20057732236197573 -0.20415295412787018 0.9581702923149746 1.5510821342468262
-0.6068384602277352 0.7945718524593979 0.02006625195875196 86.98167419433594 -0.7669870770051308 -0.5787747460200978 -0.2770390172457602 -36.501338958740234 -0.2085135652554928 -0.18350848658471375 0.9606491182819205 1.562010407447815
-0.6166066571492044 0.7872283218536551 -0.008234053118689535 87.0537109375 -0.7571289063805071 -0.5958324154892565 -0.2678424010034544 -36.62411117553711 -0.2157592396221788 -0.1589191678927243 0.9634275523327861 1.572841763496399
-0.627472092484721 0.7776530292408478 -0.03917319575142453 86.9301528930664 -0.7461694995151081 -0.6149216096922139 -0.25515189971252467 -36.60456848144531 -0.2225080923162559 -0.13087085254582168 0.9661071207726972 1.5561699867248535
-0.6391325016364785 0.7657056953032325 -0.0721417599736108 86.8109359741211 -0.7342318327680534 -0.6353909885168388 -0.23912738751899515 -36.549354553222656 -0.2289394267092548 -0.09986530875027376 0.9683045280314713 1.5338610410690308
-0.6512970765294499 0.7513097274148799 -0.1065167197953958 86.69927215576172 -0.7214492634074328 -0.6565985570146318 -0.21997566968911858 -36.49455642700195 -0.2352085849476261 -0.06642310153916668 0.9696725700713891 1.5103795528411865
-0.6636879712258166 0.7344707884939699 -0.1416719368795579 86.59407043457031 -0.7079718596377913 -0.6779279510544767 -0.19796347930890248 -36.442562103271484 -0.24144175863169717 -0.031086235348221025 0.9699172764523313 1.4863756895065308
-0.6760466910512162 0.7152865060431185 -0.17699176758066937 86.49583435058594 -0.6939675355880396 -0.6988089988839921 -0.17342157486488244 -36.393943786621094 -0.24772955227135257 0.005585458923033693 0.9688131252104579 1.4627685546875
-0.6881370989926843 0.6939542375284103 -0.21188404660638233 86.40454864501953 -0.6796237826167949 -0.7187328057952396 -0.14674695218416733 -36.34854507446289 -0.25412368463323637 0.04301941526875174 0.9662145118028205 1.4401977062225342
-0.6997473072483789 0.6707748304236408 -0.2457942897399753 86.32014465332031 -0.665148945980108 -0.7372640960749479 -0.11839988302503295 -36.30632019042969 -0.2606349663038221 0.080639813423184 0.9620637374056251 1.4190008640289307
-0.7106977391557406 0.6461442456568609 -0.27821994422299307 86.24259948730469 -0.6507649416945209 -0.7540573509284209 -0.0888960188767727 -36.26723861694336 -0.2672334451752734 0.11787758614486052 0.9563948768497328 1.399444580078125
-0.7208396232427207 0.6205499576678785 -0.30871991772752055 86.15782928466797 -0.6367078660372668 -0.7688601776736484 -0.05879728321883333 -36.224971771240234 -0.27384910240780885 0.15418098853633083 0.9493339201168352 1.3788280487060547
-0.7300581410685401 0.594557014968148 -0.33692293868437184 86.06578063964844 -0.6232214732807663 -0.7815186136565908 -0.028699333616501926 -36.17927551269531 -0.2803749380763173 0.18902542807899025 0.9410947251144572 1.3579540252685547
-0.7382696312710744 0.568795825957775 -0.36253173642577086 85.96636199951172 -0.610554836795326 -0.7919735997408535 0.0007801149579169109 -36.1302490234375 -0.2866718381855896 0.22192144034889297 0.9319711001446173 1.3366161584854126
-0.7454209272622374 0.543944232879106 -0.38532105148443063 85.85951232910156 -0.5989565378340376 -0.8002556893800483 0.029015468301006833 -36.07777786254883 -0.292572567041699 0.2524193002375701 0.9223262925246175 1.3151861429214478
-0.7514833633415933 0.5207111890988159 -0.40513283274514367 85.74514770507812 -0.5886719026386826 -0.8064725731592949 0.05538393075233397 -36.02152633666992 -0.29788948565627593 0.28011041803032466 0.9125787681325467 1.2946221828460693
-0.7564446222547997 0.4998217420227949 -0.421864622436027 85.62318420410156 -0.5799422595843763 -0.810791304100631 0.07927443940492769 -35.961570739746094 -0.30242107897757525 0.3046238457443809 0.9031864722159774 1.2747222185134888
-0.7603014199537155 0.48199882415748707 -0.4354525052484643 85.49359130859375 -0.573001694584266 -0.8134185757435286 0.1000963467811343 -35.89776611328125 -0.3059588351721904 0.3256184180082099 0.8946294411843974 1.2558977603912354
-0.7630828207378223 0.4764951445036378 -0.4366428585918543 85.35523986816406 -0.5680069030579774 -0.8167594765465812 0.10135144572151016 -35.829490661621094 -0.30833872084656216 0.32535570493816773 0.893907656579187 1.2413567304611206
-0.764941960619306 0.472999260044165 -0.4371904583606149 85.20931243896484 -0.5648196958480931 -0.8188439454877705 0.10233916220142075 -35.757389068603516 -0.3095844118588009 0.3252173011014229 0.8935273912971817 1.2281543016433716
-0.7660326621041116 0.47127921170162185 -0.43713826783706067 85.05571746826172 -0.563225930241433 -0.8198442581159973 0.1031113181852618 -35.68180465698242 -0.3097910781371218 0.3251942451091774 0.893464151969463 1.215950846672058
-0.766476854232096 0.47110023159085135 -0.4365521775475599 84.89434051513672 -0.563012525043573 -0.8199156741932253 0.10370720252869936 -35.60305404663086 -0.3090794858455186 0.32527351414973027 0.8936817176277888 1.2047576904296875
-0.76637524329512 0.47222520617923536 -0.4355138816539884 84.7249755859375 -0.5639666102036067 -0.8192026201666279 0.10415723540678594 -35.52162170410156 -0.3075884410048574 0.32543881415883724 0.8941358561198018 1.1945147514343262
-0.7658141548145073 0.4744167805377275 -0.4341168029804418 84.54732513427734 -0.5658768929017068 -0.8178425341090926 0.10448412071663409 -35.438232421875 -0.30547016608116134 0.3256720862251409 0.8947768827412297 1.1850908994674683
-0.7648713098839608 0.47743925127721226 -0.4324622996935672 84.36094665527344 -0.5685346584499479 -0.8159691118711294 0.10470315474445388 -35.35398483276367 -0.30288648279115216 0.32595424496713477 0.8955521250772117 1.1762523651123047
-0.7636228179830385 0.48105760844281187 -0.4306550466613921 84.16519165039062 -0.5717321302476975 -0.8137162555158338 0.10482474303197914 -35.27055740356445 -0.30000427179970846 0.326265892898067 0.8964083913224786 1.167616605758667
-0.7621473779901373 0.4850375086083576 -0.4288006407011963 83.95915985107422 -0.5752620901645966 -0.8112206035156087 0.1048554245198187 -35.19065856933594 -0.2969931006643395 0.3265880396995109 0.89729334695127 1.1585570573806763
-0.7605285254006516 0.4891471713751818 -0.42700281824312236 83.74202728271484 -0.5789191300337582 -0.8086222400137403 0.10479844386305415 -35.117488861083984 -0.29402211299979986 0.32690230603472287 0.8981569347148155 1.148093819618225
-0.7588577213410677 0.4931554152890942 -0.4253618402396757 83.51412200927734 -0.5824977750835288 -0.8060666167669268 0.1046563488597754 -35.051753997802734 -0.2912581342791666 0.3271916039646515 0.8989518082251449 1.1347887516021729
-0.757235264969859 0.49683151720594965 -0.4239731088133558 83.2762451171875 -0.5857920230134257 -0.8037049373878118 0.10443217603924383 -34.9932975769043 -0.28886408440625766 0.32743979160952275 0.8996336607813464 1.1150487661361694
-0.7557692697827288 0.4999457430485953 -0.4229267842779275 83.03140258789062 -0.5885958708988609 -0.8016930209600025 0.1041306914643155 -34.9349250793457 -0.2869977554143798 0.3276317355684778 0.900160949072717 1.082180142402649
-0.7545738472525962 0.5022686469497462 -0.42230855465368783 82.78179168701172 -0.5907027993198379 -0.8001900942952267 0.10375941339224869 -34.87137985229492 -0.2858120219971912 0.3277529851627098 0.9004940137495694 1.034395694732666
-0.7537675113444533 0.503569532807893 -0.4221993184139804 82.52113342285156 -0.5919044328109592 -0.7993570920809461 0.10333141709388483 -34.81607437133789 -0.2854534660156117 0.3277895132055539 0.9005944446709294 0.9909942150115967
-0.7534690056943366 0.5036144027945296 -0.4226783537820418 82.2479248046875 -0.5919891739822617 -0.7993544062561392 0.10286569441118215 -34.77338409423828 -0.28606515926583426 0.327727122003664 0.9004230439951038 0.9619604349136353
-0.7537919618864343 0.5021658709719218 -0.42382439314698694 81.96454620361328 -0.5907424506213274 -0.8003373847019853 0.10238861109662012 -34.73814010620117 -0.28778644031522593 0.3275507726740964 0.8999385846219138 0.9440057277679443
-0.7548387074638839 0.49898064571954703 -0.42571920430203436 81.68685150146484 -0.5879451831265384 -0.8024523424817239 0.101934781521792 -34.70352554321289 -0.29075588962659826 0.32724387426336665 0.8990953561244477 0.9311736822128296
-0.7566932812869258 0.4938068451114551 -0.4284507880449011 81.41551208496094 -0.5833721102541652 -0.8058318079505906 0.101548403594958 -34.66611099243164 -0.29511397634274705 0.3267872350875319 0.8978406562141296 0.9200750589370728
-0.7594134282022641 0.48638106031194867 -0.43211654589463383 81.15081787109375 -0.5767901332090788 -0.8105889369504736 0.10128532729943765 -34.62482452392578 -0.30100562668949854 0.3261579976994672 0.89611192004009 0.9092382788658142
-0.7629869810236055 0.47667365240250636 -0.4366155012064261 80.8929672241211 -0.5680410811494698 -0.8167881965199478 0.10092755893328935 -34.579315185546875 -0.3085128796582496 0.32502195484450835 0.8939689770646568 0.898028552532196
-0.7672399825611543 0.4644019734636259 -0.44235010591459006 80.64205932617188 -0.5572912070625847 -0.8241000093409231 0.10141836685244766 -34.52978515625 -0.3174418367044373 0.32433005048465685 0.8910896131491676 0.8860070705413818
-0.7719605298560762 0.4502999348272167 -0.44867238497474976 80.39801025390625 -0.5447934418868594 -0.8323468196985783 0.10197488619621507 -34.47675323486328 -0.32753174811214075 0.32315436007002324 0.8878593433344826 0.873217761516571
-0.7769471627482313 0.43449245663558733 -0.4555978615229067 80.16107177734375 -0.5308069107977724 -0.8412156995668237 0.10295712822153119 -34.419551849365234 -0.33852197823302266 0.3218267420974699 0.8842117497093834 0.8592767119407654
-0.7820175113056552 0.41726909459814127 -0.4629634053621912 79.9307632446289 -0.5156008371492679 -0.8504415074454025 0.10442709966749705 -34.36041259765625 -0.3501490950185125 0.3203681399690653 0.8802044456548023 0.8450658917427063
-0.7870178997911584 0.398929978708025 -0.47059292121357776 79.7066650390625 -0.4994528315176063 -0.8597782975023668 0.10643377392997529 -34.30081558227539 -0.3621459574499756 0.3188042522174794 0.875907617429312 0.8309881687164307
-0.7918283371596214 0.3797895056720241 -0.47829678637058415 79.48876953125 -0.4826505337686756 -0.8690026908213541 0.10900819050905457 -34.2407112121582 -0.3742410275796084 0.3171659734691686 0.8714065632926533 0.8171777129173279
-0.7963674043775311 0.36017631960596147 -0.48587238657912846 79.27688598632812 -0.4654901059923037 -0.8779172979241887 0.11216139812237075 -34.18070602416992 -0.3861578931839509 0.3154904702215194 0.8668032329953188 0.8040502667427063
-0.800594250640515 0.34043292124775043 -0.49310675514747876 79.07073211669922 -0.4482741710067472 -0.8863530556023089 0.11588152757305273 -34.12168884277344 -0.3976167922127612 0.31382110661198936 0.8622164459086016 0.7914904356002808
-0.8045084403804746 0.3209167552082155 -0.49977855654600334 78.8703384399414 -0.4313109412457372 -0.8941695722113198 0.12013179468043303 -34.0633430480957 -0.40833447236094655 0.31220700241675514 0.8577818757257883 0.7800927758216858
-0.8081472659765566 0.3019993880969528 -0.5056623043926479 78.67543029785156 -0.4149125597811585 -0.9012546635683786 0.12485030689628039 -34.00647735595703 -0.41802579373821347 0.3107030752749559 0.8536498314790567 0.7696642875671387
-0.8115816910236198 0.28406466080521786 -0.5105315144796236 78.4859848022461 -0.39939223386051537 -0.9075233107876977 0.12995108275363948 -33.9510612487793 -0.426404740038322 0.30936824151575804 0.8499825226522593 0.7603417634963989
-0.814908735506713 0.2675102237029653 -0.514161485342144 78.30179595947266 -0.3850656543745621 -0.9129135732961863 0.13532645533183424 -33.89752197265625 -0.4331837884962231 0.3082646394025402 0.8469502449837779 0.752811849117279
-0.8182429644544744 0.25274402749626873 -0.5163321679749575 78.1229019165039 -0.37224832814260517 -0.9173831664295844 0.14085207895755497 -33.84576416015625 -0.4380749174693636 0.30745500893073013 0.84472586332349 0.7460845708847046
-0.8217041662015038 0.24018528097438865 -0.5168300436800726 77.94892120361328 -0.3612584135885762 -0.9209025140107582 0.14639302681525085 -33.79666519165039 -0.44078863626295656 0.30700096171171765 0.8434783860002127 0.7424023151397705
-0.8254041392304702 0.2302612792852004 -0.5154490762462861 77.7800064086914 -0.35241654436318987 -0.9234475621558776 0.15181297443721503 -33.7498779296875 -0.44103354316912735 0.30695983973528135 0.8433653245120859 0.7401580810546875
-0.8294304857847773 0.2234079566034226 -0.5119901895320961 77.61591339111328 -0.34605000832547284 -0.9249893550744038 0.15698434551565624 -33.70598220825195 -0.43851392336933687 0.3073818113117983 0.8445246953677017 0.7405962944030762
-0.8338284177112163 0.22006341745773 -0.5062630364879842 77.45671844482422 -0.34249183519915655 -0.9254833552033201 0.16180204591882863 -33.66495132446289 -0.4329313024477706 0.30830610039120177 0.8470642453925481 0.7443535923957825
-0.8385795510379567 0.22066951110241959 -0.49808563867150235 77.30252075195312 -0.3420869898753932 -0.9248541784268504 0.16619638986569016 -33.62623977661133 -0.4239821080410964 0.3097575108309967 0.8510519705310676 0.7501916289329529
-0.8435782962182078 0.22566600316082658 -0.48728894217599805 77.15328216552734 -0.3451921713832628 -0.9229798926264409 0.17014841351887858 -33.590152740478516 -0.41136118310469383 0.31174183682127266 0.8565039429039454 0.7596637010574341
-0.8485982092674879 0.24174202762273717 -0.4705761057564022 77.0084457397461 -0.35206713423009 -0.9219792833849086 0.1612542526696964 -33.556053161621094 -0.394879490760187 0.30251445104308367 0.8674993917502635 0.7742486596107483
-0.853271818379169 0.2628000711480796 -0.4504035152665563 76.86884307861328 -0.3625432364164416 -0.9197926602579036 0.1501461416899582 -33.523807525634766 -0.37481943077780644 0.29140621946048645 0.8801095440745704 0.7916887998580933
-0.8571785483288825 0.28810740070011703 -0.4268946731298157 76.73468017578125 -0.3763293890537572 -0.916260314765134 0.13727063240520002 -33.49333572387695 -0.35159796247876046 0.2783184529425239 0.8938219685890836 0.8123956322669983
-0.8598904523819265 0.3169092316445509 -0.40019613791348174 76.60652923583984 -0.3931108103532251 -0.9112151137895342 0.12308902138272641 -33.46420669555664 -0.32565672215668584 0.26316450235544103 0.9081256212739384 0.8375042676925659
-0.8610008055507613 0.348437632235078 -0.37049808269861945 76.4842758178711 -0.41254509517042764 -0.9045044311293539 0.10806608403281397 -33.43618392944336 -0.29746286708052033 0.24589215219233196 0.9225252799779853 0.86474609375
-0.8601513651058008 0.3819193890261621 -0.3380491227506891 76.36793518066406 -0.4342576582087067 -0.8960102774040934 0.0926599647816129 -33.409278869628906 -0.267506851115476 0.22650201560278163 0.9365558827609595 0.8936425447463989
-0.8570548504936564 0.4165902950883274 -0.30316581153473876 76.25823974609375 -0.4578435401468906 -0.8856650314013235 0.07730941015591392 -33.3826789855957 -0.23629700800276543 0.20506091336749938 0.9497966865691984 0.9254125952720642
-0.8515134327387381 0.4517110302169714 -0.26623677252741146 76.15457916259766 -0.4828719424355607 -0.8734633577067397 0.06242155038267388 -33.356876373291016 -0.20435156244570005 0.18171105614131042 0.9618843646728076 0.9574499130249023
-0.8434340239306951 0.48658230464483637 -0.22772067996252623 76.0570068359375 -0.5088913645566964 -0.8594712284773941 0.04836100184221241 -33.33189010620117 -0.17218776482578305 0.15667440194900573 0.9725248096671992 0.9896929860115051
-0.8328368934678101 0.5205634354346096 -0.18813935943179122 75.96593475341797 -0.5354399942991146 -0.8438294276627376 0.035438813684165654 -33.30683898925781 -0.14030937739100613 0.1302520890385024 0.9815027620527893 1.021976351737976
-0.8198588074776516 0.5530888777488181 -0.14806832582249232 75.8805923461914 -0.5620568175489555 -0.8267531600811806 0.023902848000216248 -33.28308868408203 -0.10919555690623525 0.10281977244836873 0.9886882343517609 1.053076148033142
-0.8047532154399748 0.5836797019855844 -0.10812154146626296 75.80179595947266 -0.5882906254609699 -0.8085295302321991 0.013933367763767607 -33.2589225769043 -0.07928683518568741 0.0748198117647917 0.9940400361825066 1.083329439163208
-0.7878814307508816 0.6119562380624907 -0.06893775289598852 75.72865295410156 -0.6137134633838784 -0.7895087074384045 0.005637884382012747 -33.23625564575195 -0.05097681766557222 0.046750011501007355 0.9976050323075495 1.1119097471237183
-0.7697034725172054 0.637640445321559 -0.031164513233476236 75.66167449951172 -0.6379272843864974 -0.770096021506256 -0.0009473623935952868 -33.2138671875 -0.024603744231812115 0.019151505172176057 0.9995138196240287 1.1387401819229126
-0.7507621448634988 0.6605569199959597 0.0045560163970950595 75.60061645507812 -0.660572480826955 -0.7507394538488469 -0.005854059177845224 -33.19236373901367 -0.00044655803830998377 -0.007404585078634298 0.9999724859743553 1.1636816263198853
-0.7316662627518504 0.6806252783642495 0.037599340450704725 75.54495239257812 -0.6813309456964307 -0.7319180026003542 -0.00917496081273087 -33.172874450683594 0.02127492390462448 -0.03233060347558619 0.9992507741762108 1.1865404844284058
-0.7130711571168701 0.6978477463156542 0.06736503432917318 75.49549865722656 -0.6999270038681945 -0.7141288648169083 -0.011052316110510368 -33.15338134765625 0.04039448160455664 -0.05503169448123929 0.9976671782004373 1.207045316696167
-0.6956550355841162 0.7122934297759902 0.09328526874281352 75.45156860351562 -0.7161275399452578 -0.6978719727995044 -0.011664309361517022 -33.1355094909668 0.05679276360959608 -0.07491848556187355 0.9955710936556466 1.225293517112732
-0.6801074288462966 0.7240651297210249 0.11481974198784484 75.41291046142578 -0.7297264239438276 -0.683647332022017 -0.011210335290782567 -33.119728088378906 0.07037919739690982 -0.09141123203006198 0.9933230870328713 1.24126398563385
-0.6670982389140772 0.7332797265440152 0.13145638925997924 75.37953186035156 -0.7405445157870003 -0.6719345421268048 -0.009888945072068979 -33.1059684753418 0.08107872578879163 -0.103946205973934 0.99127262974829 1.2548863887786865
-0.6571587089664184 0.740089803437435 0.1428618706216915 75.35186004638672 -0.7484932849766519 -0.6630952944880277 -0.007901441178428087 -33.09307861328125 0.08888325812238576 -0.11212365172332922 0.9897110958000698 1.2658251523971558
-0.650324423004732 0.7448299320727416 0.14935366460879834 75.32948303222656 -0.7538116921423659 -0.6570676520568643 -0.005480274622913221 -33.08198165893555 0.09405358915546709 -0.11614849507847516 0.988768653152991 1.274341344833374
-0.6464405345562603 0.7477906412568942 0.1514060505106033 75.31217956542969 -0.7567905707092721 -0.6536513796504968 -0.002811755063320563 -33.07318878173828 0.09686416968183086 -0.11640030382093058 0.9884676534425618 1.2806085348129272
-0.6452839963789043 0.7491743326090888 0.14948706759113561 75.29988098144531 -0.7576904452912906 -0.6526141191223056 -2.5229011543399793e-05 -33.06673049926758 0.0975384700082801 -0.11328120268581018 0.9887636805559257 1.2846752405166626
-0.6465828186875325 0.7491179638741633 0.1440587893157262 75.2926025390625 -0.7567457926048954 -0.6537033087354779 0.0027909717083585 -33.06262969970703 0.09626247427151326 -0.10721128834836328 0.9895651952740708 1.2865954637527466
-0.6500297232032933 0.7477169749832722 0.13557538225693802 75.29033660888672 -0.7541724218504968 -0.6566527765241611 0.005575769298175215 -33.060935974121094 0.09319504854017902 -0.09862279860648356 0.9907513444465361 1.2864221334457397
-0.6552951451064067 0.745044037687548 0.12448957669704129 75.28465270996094 -0.7501726395493968 -0.661190128382963 0.008284020787720524 -33.05709457397461 0.08848323949462834 -0.08796019574305275 0.9921863334542458 1.2873022556304932
-0.6620374281580019 0.7411677919065487 0.1112508335173712 75.27555847167969 -0.7449416161517708 -0.6670409892432241 0.01087691107849137 -33.0511474609375 0.08227048221036981 -0.07567445348195435 0.993732833737057 1.289292573928833
-0.6699133386715453 0.7361661890083268 0.09630919390639549 75.26302337646484 -0.7386711354012526 -0.6739345080714968 0.013312871795884647 -33.04313278198242 0.07470657531280188 -0.06222235122032923 0.9952624310269359 1.292449951171875
-0.6785862186350741 0.7301385783798744 0.08011491896000204 75.24705505371094 -0.7315537218761365 -0.6816066593515514 0.015540718670344532 -33.033077239990234 0.06595374051351417 -0.048062649625613955 0.9966644800650025 1.2968316078186035
-0.6877329113732712 0.723214712441346 0.06311832002220813 75.22763061523438 -0.723785824282 -0.6898028743146466 0.017495003734728926 -33.02101135253906 0.056191842668403116 -0.03365225543159759 0.9978526958032916 1.3024957180023193
-0.697051319535636 0.7155590149113021 0.04576848383762918 75.20509338378906 -0.7155684909995398 -0.6982816517573274 0.019091084508214524 -33.00614547729492 0.04562009011685466 -0.019443019267211873 0.9987696312861665 1.3091704845428467
-0.7062631996638068 0.7073749096910442 0.02851367987877206 75.17947387695312 -0.707110159652869 -0.706814107372023 0.02022473079139942 -32.98838806152344 0.034460338308497734 -0.005878329650296438 0.9993887783661505 1.316872477531433
-0.7151183356274069 0.6989038185274034 0.01179908883353955 75.1504135131836 -0.6986263920312265 -0.7151851226017885 0.020770285662359327 -32.96848678588867 0.02295496475533229 0.006610057252340529 0.9997146476551207 1.3259307146072388
-0.723396781628518 0.6904213386167036 -0.003933384321585044 75.1178970336914 -0.690338997654452 -0.7231932555781612 0.020581141943699005 -32.94645309448242 0.01136506255806187 0.01760370043426432 0.9997804484405922 1.3363995552062988
-0.730908038703027 0.6822319950443262 -0.018246750317053508 75.08187103271484 -0.6824759613026262 -0.7306481163911801 0.019490824971678106 -32.92232131958008 -3.468934392758527e-05 0.02669896911603332 0.9996435183828236 1.34832763671875
-0.7374879979838703 0.6746618415090232 -0.03070590238694258 75.04317474365234 -0.6752713386671082 -0.7373660611519236 0.017317939716635443 -32.894344329833984 -0.010957737196807784 0.033506588500639096 0.9993784250835989 1.3608496189117432
-0.742994466979995 0.6680481091366939 -0.04087720533501822 75.00151824951172 -0.6689644552762564 -0.7431649981140429 0.013868783475717412 -32.86305618286133 -0.021113493648726916 0.03764982678635776 0.9990679210788938 1.3742767572402954
-0.7473007882143647 0.6627263581397095 -0.04832500554647146 74.95635223388672 -0.6637986760090163 -0.747857833139761 0.008943105734478691 -32.829498291015625 -0.03021340204058167 0.038761264664336464 0.9987916272670468 1.3891820907592773
-0.750286310248139 0.6590166870873154 -0.0526066421157331 74.90798950195312 -0.6600213416133608 -0.7512432006932421 0.0023413729032991555 -32.79307174682617 -0.03797737838677903 0.036478206543531386 0.9986125671040971 1.405211091041565
-0.7518745344982621 0.6571410791974295 -0.05338807361442222 74.8578109741211 -0.6578232809155904 -0.7531478853633459 -0.006065794108640256 -32.75131607055664 -0.04419519723306601 0.030559201625006104 0.9985554164579812 1.4207897186279297
-0.7521687652081278 0.657009224528437 -0.050803814126716154 74.80419921875 -0.6571543160277101 -0.753583171611773 -0.016143369836975667 -32.70709228515625 -0.04889124227745291 0.02124340716746495 0.9985781712417334 1.4377386569976807
-0.751292548423094 0.6584265849463165 -0.04509921196500194 74.74771881103516 -0.6579047506083886 -0.7525925621588724 -0.02767263106496859 -32.6595344543457 -0.0521617274526735 0.008880744286097126 0.9985991621116443 1.4551947116851807
-0.7493484914490591 0.661168255688078 -0.036515421857123996 74.68919372558594 -0.6599607791781372 -0.7502121381624509 -0.040416799728697175 -32.60726547241211 -0.05411661768445398 -0.0061875216450520305 0.9985154511905596 1.4718194007873535
-0.7464206652956595 0.6649935404634381 -0.025293903642709035 74.62743377685547 -0.6632081755802651 -0.746475372798423 -0.054124242710189265 -32.55235290527344 -0.05487354793596981 -0.02362432956417914 0.9982137971344424 1.4895293712615967
-0.7425809082607864 0.6696545298784259 -0.011679267951786122 74.56343078613281 -0.6675308299585428 -0.7414212454789546 -0.06853559518450493 -32.493125915527344 -0.054554429164313474 -0.043096953091139256 0.9975803059868492 1.5058032274246216
-0.7378941890694373 0.674904112338676 0.00407490931208504 74.49663543701172 -0.6728100431132621 -0.7351012258877281 -0.08338365298000644 -32.43056869506836 -0.053280499467332404 -0.06426995290727577 0.9965091878802765 1.5220720767974854
-0.7324229122259562 0.6805038831718774 0.02170582028961536 74.42700958251953 -0.6789243729983488 -0.7275841995221028 -0.09840187170262482 -32.36466598510742 -0.051170043924626665 -0.08680839587146333 0.9949100105089782 1.537514567375183
-0.7262290389909694 0.686232739624167 0.04093910104244114 74.35469818115234 -0.6857515304782251 -0.7189590091384654 -0.11332599712955367 -32.295166015625 -0.0483344739603611 -0.11037468118434583 0.9927140617420653 1.551404356956482
-0.7193795522254426 0.6918902983682023 0.06148881901518298 74.2793197631836 -0.6931660784565399 -0.7093395017180028 -0.12789940961410975 -32.222713470458984 -0.04487591243756496 -0.134630183563775 0.9898792179637272 1.5645720958709717
-0.7119461677773181 0.697304898456303 0.08305740650920888 74.2007827758789 -0.7010428373327416 -0.6988634369949717 -0.14187613138239497 -32.14714431762695 -0.04088513680605978 -0.1592349679574821 0.9863937502680812 1.5750421285629272
-0.7040093091792456 0.70233532026897 0.10533750752530954 74.11892700195312 -0.7092552845749246 -0.6876948438239283 -0.15502497566690818 -32.06892395019531 -0.036439455148287635 -0.18385020990106607 0.9822786093710021 1.5842705965042114
-0.695659351575842 0.7068737594468251 0.12801388506951697 74.03327941894531 -0.7176764224436525 -0.6760232339894889 -0.16713210276566626 -31.988365173339844 -0.03160093722596601 -0.20813955729727418 0.9775885154064239 1.5901495218276978
-0.6869955575388551 0.7108491948362985 0.15076646219389783 73.94367980957031 -0.7261813178586078 -0.6640597642376149 -0.1780037165730511 -31.905887603759766 -0.02641585726440298 -0.23177155071593628 0.9724115130764943 1.5934514999389648
-0.67812714035849 0.7142271167270409 0.17327206133994938 73.85945892333984 -0.7346469711880794 -0.6520353111535141 -0.1874667456727241 -31.83053970336914 -0.020914330814026508 -0.25442008321026555 0.9668676290092059 1.5937060117721558
-0.6691738670645074 0.7170078658911466 0.19520772497049454 73.78047943115234 -0.7429522490032828 -0.6401976684603731 -0.19536862849205366 -31.762718200683594 -0.015109312985603293 -0.2757655989207599 0.961106156006181 1.5912505388259888
-0.6602657787468886 0.7192240995938732 0.21625400800712788 73.7070083618164 -0.7509781129353019 -0.6288065883349245 -0.20157913671490332 -31.70201873779297 -0.00899862811197108 -0.2954978325300798 0.9553010288187317 1.5866601467132568
-0.6515424666597309 0.72093778542284 0.23609558167946426 73.63970947265625 -0.7586078275533841 -0.6181296692927922 -0.2059851351790189 -31.647708892822266 -0.002564783360969561 -0.31331201938258696 0.949646776647358 1.5814367532730103
-0.6431518060275032 0.7222354287191063 0.25442433041375934 73.57740020751953 -0.7657270582788965 -0.6084357686264423 -0.20848977834776006 -31.601579666137695 0.004222158584017671 -0.3289101715649416 0.9443517736617073 1.573283076286316
-0.6352516427538027 0.7232198246702198 0.2709399113873257 73.52201843261719 -0.7722210259111993 -0.5999921068000161 -0.2090075570842673 -31.5605411529541 0.01140339946025648 -0.34199789031755 0.9396315264501799 1.565936803817749
-0.627972522587893 0.7271351287459519 0.2773535927623906 73.47296142578125 -0.7780035944213181 -0.5952637694280304 -0.20092648375423716 -31.52470588684082 0.01899784045903888 -0.34195840295267 0.9395230346872566 1.5575426816940308
-0.621316888592534 0.7304167871025993 0.2836487988136188 73.43013763427734 -0.7830971825385045 -0.5912683484713768 -0.1927707000459008 -31.49557876586914 0.02690960144537244 -0.34189626674569973 0.9393523386543542 1.5483038425445557
-0.6152539418236986 0.7331396455972816 0.2897737861227154 73.39442443847656 -0.7875514460845587 -0.5879386356530205 -0.18463715898102767 -31.471288681030273 0.03500438316155993 -0.34181050416854836 0.9391167512080282 1.5405975580215454
-0.6097523820568193 0.7353778774203252 0.29567111792803213 73.36582946777344 -0.7914173594312359 -0.5852001918719935 -0.17663323193519462 -31.451852798461914 0.0431346237600958 -0.3417017893335642 0.9388180289061964 1.534422516822815
-0.6047808820145143 0.7372044001730119 0.3012801970181507 73.34434509277344 -0.7947479326965309 -0.5829733236472568 -0.16887222208007135 -31.437278747558594 0.05114497262034898 -0.34157250515991533 0.9384627938786082 1.5297796726226807
-0.6003042906153083 0.7386945580605558 0.30653728739024777 73.31807708740234 -0.7976019459444449 -0.5811695267958327 -0.16147172182627678 -31.41928482055664 0.05887184806412997 -0.3414269043523487 0.938062777478078 1.5240856409072876
-0.5962871483724332 0.7399236644679056 0.31137534816722134 73.28680419921875 -0.8000414949103382 -0.5796956306050014 -0.15455284623422944 -31.398542404174805 0.06614562047107342 -0.3412710749797826 0.9376346891378542 1.5164141654968262
-0.5926886996768779 0.7409706105825961 0.31572560797025356 73.25052642822266 -0.8021354767071626 -0.5784502130767792 -0.14823639229015717 -31.3750057220459 0.07279273509838989 -0.341112745649123 0.9371997185619574 1.506842017173767
-0.5894649605115008 0.741916783891215 0.31951611244144007 73.20938110351562 -0.8039574752560487 -0.5773257676710579 -0.14264408842620682 -31.34825897216797 0.07863484157226101 -0.340961059013401 0.9367828552697607 1.4959808588027954
-0.5865663218540145 0.7428470010122149 0.3226736480622664 73.16336059570312 -0.8055861042796718 -0.5762083057882916 -0.13789494889983614 -31.318315505981445 0.08349238682751009 -0.3408259400746152 0.9364116081692389 1.4838329553604126
-0.5839387641565457 0.743848430828115 0.3251231023318355 73.1124038696289 -0.8071025297052092 -0.574979029306306 -0.13410675747862313 -31.285587310791016 0.08718386466989317 -0.34071781258473877 0.9361144940276764 1.4696807861328125
-0.5815224985696856 0.7450107915759311 0.3267881639421398 73.05643463134766 -0.808589227473001 -0.5735143705952896 -0.131395311694537 -31.25057029724121 0.08952678298635337 -0.340646718986245 0.9359192101736244 1.4526684284210205
-0.5792520857809346 0.7464255695074156 0.32759104124497507 72.99553680419922 -0.8101273845226498 -0.5716867178614201 -0.12987654702573453 -31.2125186920166 0.09033627159080435 -0.34062173419552555 0.9358505181003561 1.4341729879379272
-0.5770553661167872 0.7481846721177983 0.32745503636958007 72.92982482910156 -0.8117940779460959 -0.5693658404335595 -0.1296646241618507 -31.171701431274414 0.08942862767295598 -0.34064972648656094 0.9359274995410503 1.4133087396621704
-0.5748549252011919 0.7503788339031964 0.3263026518464287 72.85936737060547 -0.8136580752058201 -0.5664198530720868 -0.13087813682260296 -31.128326416015625 0.08661611642351866 -0.3407347291895487 0.936161039939087 1.389464020729065
-0.5725678631274671 0.7537505019683858 0.3225309642438271 72.78392791748047 -0.8157752561007244 -0.5629878703210314 -0.1324967524326065 -31.08197021484375 0.08171152701696281 -0.33897616236808814 0.9372397706557057 1.363680362701416
-0.570105609459056 0.7575911469416174 0.3178604224168262 72.70448303222656 -0.8181844477244844 -0.5586357631905869 -0.13601578432759653 -31.03238868713379 0.0745238456139985 -0.3376118157887182 0.9383306764007803 1.3341827392578125
-0.5673746536915969 0.7616850750882681 0.31292466942719627 72.6202392578125 -0.8209015337438214 -0.5531118624189917 -0.14208426918007555 -30.9798641204834 0.0648588794644363 -0.3374953541001327 0.9390900977624266 1.3030157089233398
-0.5642776153241654 0.7660410649700556 0.30785038512825746 72.53294372558594 -0.8239129413437655 -0.5462404298694051 -0.15095978889211736 -30.922765731811523 0.05251892925734891 -0.33882514599071695 0.9393823941899438 1.2684667110443115
-0.5607133275326665 0.7706676430610262 0.3027737575583588 72.44171142578125 -0.8271693340892698 -0.5378256148059369 -0.1628941398606163 -30.861740112304688 0.037302239471093734 -0.34178208261607135 0.939038631225075 1.231892704963684
-0.5566107505505217 0.7769721820810044 0.29410661441706354 72.34778594970703 -0.8305539735717241 -0.528563250911657 -0.17550209904704955 -30.7950439453125 0.019093699374521683 -0.34195777233158936 0.9395213209854325 1.1921539306640625
-0.5520197167485228 0.783895860349462 0.28422088671991974 72.25267791748047 -0.8338289783246798 -0.5181987252222753 -0.19026117860464764 -30.720869064331055 -0.0018620491135858674 -0.3420195335137829 0.9396909978647836 1.1501452922821045
-0.5470248659868556 0.7912453823943503 0.2733030201656782 72.1563491821289 -0.8367363313291621 -0.5069786947007476 -0.20699013250235115 -30.639509201049805 -0.025221178122312407 -0.34191131592730967 0.9393937109726561 1.1059930324554443
-0.5417116567061355 0.7988424898657943 0.2615323256764116 72.06002044677734 -0.8390383968844087 -0.4951491950822928 -0.22548135879269296 -30.549808502197266 -0.05062656952960204 -0.3415815436969277 0.9384876128448837 1.0597931146621704
-0.5361670272698833 0.8065263398807012 0.24907866618242427 71.96508026123047 -0.8405274444772455 -0.48295329238786505 -0.24549894592904536 -30.45071792602539 -0.07770800440834338 -0.34098589479678004 0.9368511544533167 1.011806607246399
-0.5304762735711631 0.814156181509258 0.23610301838035985 71.87310028076172 -0.8410359421672333 -0.4706255061958643 -0.2667773920345583 -30.34124755859375 -0.10608236027222605 -0.3400902013115794 0.9343902759612404 0.9625024199485779
-0.5247260816589129 0.8216096929464151 0.22275558732247594 71.78591918945312 -0.8404409151038862 -0.4583917292895944 -0.28902610736443407 -30.220487594604492 -0.1353573324435213 -0.33887244646827314 0.9310444981730902 0.9126086235046387
-0.5190016055054913 0.8287835641371801 0.20917728676602268 71.70568084716797 -0.8386702609012713 -0.44646385600278493 -0.31193303570304654 -30.087602615356445 -0.16513487506434235 -0.33732451600676316 0.9267915860312324 0.863204300403595
-0.5133859179000919 0.8355921218917205 0.19550116402306264 71.63507843017578 -0.8357055116878312 -0.4350366122269813 -0.335170768052125 -29.941823959350586 -0.19501588918972815 -0.3354533527251792 0.921650612276136 0.8158660531044006
-0.5079611664143313 0.8419648130657275 0.18185353165167528 71.58056640625 -0.8315814546617758 -0.4242861709266279 -0.3584041425863064 -29.7812442779541 -0.22460573830068814 -0.3332814107021499 0.9156832223005879 0.7744238376617432
-0.5028093450141051 0.8478437174466551 0.16835615032639278 71.5372314453125 -0.8263843523185923 -0.41436894529970547 -0.3812968389774435 -29.60948944091797 -0.2535185689638283 -0.33084650210852473 0.9089933592898722 0.7390087842941284
-0.4980116959858125 0.8531820848420524 0.1551279496606056 71.49331665039062 -0.8202484368060494 -0.40541892043510797 -0.4035195173352384 -29.430971145629883 -0.2813838171938229 -0.3282008974055378 0.9017246355532451 0.7062621712684631
-0.49365119565373433 0.8579410254299874 0.14228736385842633 71.43895721435547 -0.8133498317000255 -0.39754933842574663 -0.42475472309415363 -29.249141693115234 -0.30784825531936766 -0.32541008036229113 0.8940568948872485 0.6720935106277466
-0.4898161026402035 0.8620862784311515 0.12995166076310372 71.37234497070312 -0.8058973244954536 -0.3908559336099322 -0.4447034309885385 -29.065391540527344 -0.33258034813474946 -0.3225505971202587 0.8862005553665229 0.6348980665206909
-0.4865996052938424 0.8655867151485102 0.11823900661917473 71.29454040527344 -0.7981247387809776 -0.38541734501046676 -0.46308786586443806 -28.8799991607666 -0.3552713406308954 -0.31970784901765437 0.8783900988756826 0.5944262742996216
-0.4841056928573355 0.86840988487681 0.10726579133798819 71.2074966430664 -0.7902781613149925 -0.3813034364580332 -0.47965416405352856 -28.69247817993164 -0.3756356025348421 -0.31697312377162246 0.870876531383609 0.5511370897293091
-0.48245169604789273 0.8705189729419691 0.09714462789352196 71.11294555664062 -0.7826037400326098 -0.3785812786408328 -0.49417365525657403 -28.502147674560547 -0.3934104053879141 -0.3144406672342673 0.863918583965981 0.5056738257408142
-0.48177299935638995 0.8718682823903033 0.08797997074863248 71.01151275634766 -0.7753333556521479 -0.37732522074473174 -0.5064423613829311 -28.30876922607422 -0.4083539698647827 -0.31220406139530255 0.8577736644033497 0.45836424827575684
-0.48222510598672086 0.8723992612520919 0.07986536247272641 70.90321350097656 -0.7686709758046164 -0.377624803766746 -0.5162794190510652 -28.112409591674805 -0.42024264194828514 -0.3103530836755626 0.8526881524575058 0.4094189405441284
-0.48399172430121185 0.8720328907385708 0.07287419487083041 70.78703308105469 -0.762772909399972 -0.3796005193225823 -0.523527396050606 -27.91373062133789 -0.42887002634066435 -0.30896938877526003 0.8488865750536996 0.359030157327652
-0.4872250856332063 0.8722554510635127 0.042215447643043164 70.6624526977539 -0.7577140265600931 -0.39822271136272036 -0.5169991548436165 -27.71118927001953 -0.4341441809857699 -0.2838821943076234 0.8549442846591135 0.30443236231803894
-0.49187118874625374 0.870621676956025 0.008979381695108979 70.52783203125 -0.7534205540145901 -0.4204424308743862 -0.5055547755770737 -27.50782012939453 -0.43637163343839813 -0.25543307917087815 0.8627477844628688 0.24847473204135895
-0.49782029094365543 0.8668818622253808 -0.02628297679925859 70.37698364257812 -0.7497526803009019 -0.4453946092833848 -0.48938181454046137 -27.308603286743164 -0.43594251491038105 -0.22391846499553594 0.8716734736859068 0.19212524592876434
-0.5049566009311504 0.8608434002981618 -0.06298786660269179 70.19851684570312 -0.7465455248617772 -0.4722069340702493 -0.46871141518511106 -27.12522315979004 -0.43323043577859727 -0.18965561309667264 0.8811027964636208 0.13776610791683197
-0.513150424992732 0.8523909721527103 -0.10052995534832351 69.97029876708984 -0.7436285665731224 -0.5000203023118165 -0.44384259851033125 -27.00615119934082 -0.42859444269166846 -0.1530010714621212 0.8904479074180932 0.09550964087247849
-0.5222530100736954 0.8415020563554177 -0.13829708101969382 69.7094497680664 -0.7408418506128088 -0.5280109464007191 -0.41515996057135063 -26.97109603881836 -0.4223803331708912 -0.11436227363348506 0.8991752468344681 0.08338073641061783
-0.532094289777096 0.8282568815739301 -0.17568780524565886 69.44540405273438 -0.7380503710354679 -0.5554140939203945 -0.3831407497108542 -26.939960479736328 -0.41491844572279013 -0.07420055525409555 0.9068279665950804 0.07820800691843033
-0.5424821592687767 0.8128436001491745 -0.21212823614883308 69.17918395996094 -0.7351547289090757 -0.5815447019492626 -0.34835798282423125 -26.907045364379883 -0.40652260876574825 -0.03303091478104861 0.9130434421378963 0.07401122897863388
-0.5532041018869097 0.7955572548105163 -0.24709082535345697 68.91106414794922 -0.7320992347094708 -0.6058175678551859 -0.311473570332756 -26.87012481689453 -0.39748702141491954 0.008586547407555822 0.9175676209469867 0.07029540836811066
-0.564028360222808 0.7767959964729101 -0.2801071022448894 68.64051818847656 -0.7288782896164183 -0.6277598727738827 -0.27322880715759645 -26.83316993713379 -0.38808304238940244 0.05005518952693325 0.9202641089443877 0.06661377102136612
-0.5747106034440947 0.7570480790749533 -0.3107827669898187 68.3676528930664 -0.7255361859096855 -0.6470250582395067 -0.2344265704773873 -26.794950485229492 -0.3785564227754577 0.09075670762586267 0.9211179375065729 0.06293579190969467
-0.5849956457416734 0.7368799634055774 -0.3388037986721484 68.09228515625 -0.7221682177069149 -0.6633935789798737 -0.195913309150482 -26.756357192993164 -0.3691248566505658 0.1300649026435235 0.9202336449527534 0.05941222980618477
-0.5946217233956577 0.7169189928525836 -0.36393978039397606 67.81429290771484 -0.7189162949511385 -0.6767703490742958 -0.15855994282158367 -26.71779441833496 -0.35997828673366666 0.16735905204408122 0.9178270974313196 0.05615295469760895
-0.6033224000943567 0.6978364090814589 -0.38603941211316667 67.53368377685547 -0.7159646689700953 -0.6871724071183407 -0.12324234532711087 -26.67841339111328 -0.3512786277742021 0.20203571232700357 0.9142127195645406 0.05274718999862671
-0.6108307939867459 0.6803256262780032 -0.4050219541542961 67.25029754638672 -0.7135289137415733 -0.694713813376421 -0.09082514386865537 -26.63900375366211 -0.34316501915593367 0.233516080245953 0.9097845953269782 0.04973144456744194
-0.6168767050101895 0.6650867297113471 -0.4208595641988395 66.96401977539062 -0.7118493407033583 -0.6995770055132107 -0.06214925178441974 -26.599576950073242 -0.3357583162871258 0.26125017764402514 0.9049943081174596 0.04719177260994911
-0.6211856479937361 0.652807587406968 -0.4335558148041568 66.6748275756836 -0.7111783557825747 -0.7019825384476142 -0.03802449185771946 -26.559635162353516 -0.32917128822695935 0.28471524289812467 0.9003241046803456 0.044395141303539276
-0.6234769388951358 0.644145519939489 -0.4431174289145448 66.3825912475586 -0.7117669371639275 -0.7021526124034707 -0.019223320609704386 -26.519575119018555 -0.3235186761629583 0.3034110380933216 0.8962574452337342 0.04211181402206421
-0.6234547211509653 0.63971469650051 -0.4495212094616143 66.08722686767578 -0.7138531119593301 -0.7002654379078386 -0.006484675606625967 -26.47941017150879 -0.31893250888009556 0.3168492126438118 0.8932461201854975 0.040485840290784836
-0.6208064619508735 0.640064469162264 -0.45267738193559837 65.798095703125 -0.7176421945739454 -0.6964118170496179 -0.0005115082999949672 -26.44019889831543 -0.31557727637954236 0.3245428421482725 0.891674226521767 0.038444213569164276
-0.6152860974272538 0.64622242714707 -0.451463833507059 65.51504516601562 -0.7232342093170754 -0.6905969869635664 -0.0028425464549208246 -26.40211296081543 -0.31361648041237344 0.32476510934672964 0.8922848911445055 0.03710998594760895
-0.6069932095957915 0.6556964206191269 -0.4490227694581471 65.23839569091797 -0.7304458433456245 -0.6829003325951697 -0.009798248848957025 -26.36520004272461 -0.3130624753043695 0.3220393450009975 0.8934665896538211 0.03617553785443306
-0.59611881336883 0.6700161583016749 -0.44240333177136304 64.96797943115234 -0.7389838513825907 -0.6732971294600694 -0.023955017357193936 -26.32921600341797 -0.3139191420469465 0.3126488814556917 0.8964962070087155 0.034883420914411545
-0.5828624499653006 0.6878194098058027 -0.43263821365529526 64.70394897460938 -0.7485174652441634 -0.6616842026743466 -0.043538720188666336 -26.294321060180664 -0.3162166482728261 0.29846017393550467 0.9005157166476818 0.03373779356479645
-0.5674413532308662 0.7084112131427417 -0.41971879126047273 64.44636535644531 -0.7586921055789521 -0.6479078676601535 -0.06783571298548606 -26.260637283325195 -0.319994686792921 0.27994454471859587 0.905115712109009 0.03320922702550888
-0.5500969706377759 0.7310725818963113 -0.4036411808705888 64.19536590576172 -0.7691431057537412 -0.6318081726955074 -0.0961109556016026 -26.227989196777344 -0.3252878813706888 0.2575874859433689 0.9098551979951225 0.03221740573644638
-0.5310982510593685 0.7550788614039886 -0.38443537920245563 63.9510612487793 -0.7795098658477723 -0.6132533749054281 -0.1276113913923454 -26.19637680053711 -0.3321129578436649 0.2318969840855165 0.9142892168260401 0.03064269945025444
-0.5107434351211825 0.7797183865392711 -0.3621883228007363 63.713470458984375 -0.7894492769590861 -0.5921693312313346 -0.16157141534878613 -26.166038513183594 -0.34045702017933277 0.203407769865435 0.9179947148916379 0.02955322153866291
-0.48935898997111493 0.804311359557451 -0.33706233224923704 63.482704162597656 -0.7986480108012685 -0.56856346490962 -0.19722307474822642 -26.13689613342285 -0.35027008690099054 0.1726812765090996 0.920593310298071 0.02849731408059597
-0.46729430319828813 0.8282303612046426 -0.3093064871244276 63.258934020996094 -0.8068352203858008 -0.5425402957118306 -0.2338096547919173 -26.108583450317383 -0.3614594878315169 0.14030144798877414 0.9217714154544122 0.025617675855755806
-0.4449164126579689 0.8509185609009361 -0.27926150551381645 63.04210662841797 -0.813792487057717 -0.5143123454724868 -0.27060044217074825 -26.081518173217773 -0.373886578732079 0.10686633711730159 0.9212971356924713 0.023084105923771858
-0.42260151403576546 0.8719067339597342 -0.2473592682927968 62.83229446411133 -0.8193622462465475 -0.4842034647928561 -0.3069079896457648 -26.055660247802734 -0.3873673576341847 0.07297706460431518 0.9190325773775632 0.02081909216940403
-0.4007246624063522 0.8908277027544594 -0.21411620430160694 62.62968063354492 -0.8234539676431806 -0.4526449196359733 -0.34210545143339494 -26.03052520751953 -0.401675625489049 0.03922474643583623 0.9149415889306953 0.016548462212085724
-0.3796505691706699 0.9074258092994149 -0.18012175311629858 62.434207916259766 -0.8260472221087131 -0.4201669259980822 -0.3756404413049811 -26.006317138671875 -0.4165470347690224 0.006176966458112193 0.9090931816433949 0.0116119384765625
-0.3597260443664916 0.921560555580939 -0.14602505059676482 62.24583053588867 -0.8271900388370752 -0.3873873814134243 -0.40704748662824075 -25.983144760131836 -0.4316871698963899 -0.025635114959775634 0.9016590421150582 0.006838988978415728
-0.3412695956057312 0.9332067441417855 -0.11251771328723562 62.06459426879883 -0.8269967482229248 -0.35499260034919855 -0.43595485101788056 -25.96077537536621 -0.44677896273639495 -0.05572635270320567 0.8929071239891576 0.0016992187593132257
-0.32456903732044884 0.9424458245292503 -0.08031692125734399 61.89064407348633 -0.8256396464858246 -0.3237219227673933 -0.46208580466245053 -25.93867301940918 -0.46149118535855005 -0.08366591030499326 0.8831907502285092 -0.005460815504193306
-0.3098776206890796 0.9494529145475551 -0.0501500075097511 61.72374725341797 -0.8233395090133168 -0.2943484146049333 -0.4852536076293231 -25.917354583740234 -0.4754870272612973 -0.10907875080287421 0.872934082866226 -0.012518920935690403
-0.2974155763135401 0.9544772860574479 -0.022739511131365547 61.56388473510742 -0.8203524215502699 -0.2676616982976573 -0.5053504919568418 -25.89672088623047 -0.48843206223864233 -0.13164469478419005 0.8626145111882156 -0.019514160230755806
-0.28737191361367764 0.9578183168354041 0.0012063169595582512 61.411136627197266 -0.8169561679221408 -0.24445154224356314 -0.5223275439690259 -25.87626075744629 -0.5000000029599843 -0.15108777392409148 0.852744089167834 -0.02745361253619194
-0.2817405573280027 0.959182731211717 0.024305277240491252 61.26554489135742 -0.8189152917300079 -0.22718501803002805 -0.5270338817888767 -25.855663299560547 -0.5000000033272621 -0.16839078278791444 0.8494966397489816 -0.0362255834043026
-0.27814511237228706 0.9595861296438516 0.04277565029945399 61.126834869384766 -0.8201435590784244 -0.21407368257130827 -0.5306006039692508 -25.835609436035156 -0.4999998389655569 -0.18266613869431897 0.8465419321031447 -0.04486633092164993
-0.2764023167527596 0.9593563410709154 0.056896134673039195 60.99496841430664 -0.8207324644015528 -0.20483306435755066 -0.5333307019319713 -25.816129684448242 -0.4999999811710605 -0.1941103464344985 0.8439912275823831 -0.053352661430835724
-0.2763386852084127 0.9587255158803699 0.06695010274229946 60.87005615234375 -0.8207538721753337 -0.19917966139199944 -0.5354349108873689 -25.79680061340332 -0.5000000123664818 -0.20291093535757787 0.84191872526143 -0.062354736030101776
-0.27779104154837037 0.9578470701759497 0.07321971995863263 60.75205993652344 -0.8202634585032108 -0.19683637934066128 -0.5370505548013245 -25.777679443359375 -0.4999999958798226 -0.2092472937062947 0.8403663333313447 -0.07182128727436066
-0.280604380445612 0.9568111495425128 0.07598424695862538 60.640838623046875 -0.8193053131988838 -0.1975328992868517 -0.5382560333739039 -25.75929069519043 -0.49999998543881274 -0.21329129801861488 0.839349055370125 -0.08098815381526947
-0.28463377346801727 0.9556570786079805 0.07551928964057739 60.536376953125 -0.8179141884250356 -0.20100800068640984 -0.539084561115478 -25.741661071777344 -0.4999999953743727 -0.2152099713454565 0.8388591495949216 -0.08983459323644638
-0.2897406884271575 0.9543857531221756 0.0720983197250454 60.43867874145508 -0.8161190541087204 -0.20700571921169908 -0.5395352831227396 -25.724828720092773 -0.5000000229904439 -0.215166136859556 0.8388703776856651 -0.09833922982215881
-0.2957959032225874 0.9529690080765831 0.06599131217264054 60.34796905517578 -0.813943955276182 -0.21527820049770163 -0.5395836673397705 -25.70797348022461 -0.500000021306098 -0.21331986788858787 0.8393417734498247 -0.10721679776906967
-0.3026734825404957 0.9513600475937455 0.05747019061421668 60.2640266418457 -0.8114117067147836 -0.22557753777124295 -0.539189963425939 -25.69197654724121 -0.49999980517297227 -0.20983048943251692 0.8402210188584311 -0.11571044474840164
-0.31025402548961856 0.9495007232693798 0.04680615534746921 60.18685531616211 -0.8085434092903435 -0.23765934052180893 -0.5383080838663734 -25.67693519592285 -0.49999999496063463 -0.20485705839356175 0.8414473190079708 -0.12374389171600342
-0.318419700408676 0.947330051411718 0.03427343116644477 60.116455078125 -0.8053625973979774 -0.2512769984095727 -0.5368900788640625 -25.662879943847656 -0.4999999811040322 -0.198558917610234 0.8429557373512682 -0.1312982141971588
-0.32705689128791804 0.9447898519241609 0.02014759445206768 60.05282974243164 -0.8018938753911649 -0.266184144980642 -0.5348945817364983 -25.649837493896484 -0.5000000024712218 -0.1910971916644684 0.8446785547572114 -0.13835327327251434
-0.33605183599368926 0.9418317202311336 0.004708958667713259 59.995994567871094 -0.7981661296904033 -0.28212965371234544 -0.5322909804901772 -25.637845993041992 -0.4999999929403127 -0.18263589259128593 0.8465483670748362 -0.14488829672336578
-0.3452934609006295 0.938421067655038 -0.011761192135317039 59.94607162475586 -0.7942118255993587 -0.2988621907171707 -0.5290642371563847 -25.626386642456055 -0.5000000019373992 -0.17334154360946452 0.8485002694882829 -0.15107177197933197
-0.35466893618417794 0.9345427693593235 -0.028978577332055416 59.90294647216797 -0.7900695794495526 -0.3161259506129803 -0.5252184716643606 -25.616004943847656 -0.5000000053343907 -0.16338358420369523 0.8504738673694585 -0.15670348703861237
-0.3640672479711918 0.9302032121870168 -0.0466585789714854 59.86659622192383 -0.785783081018783 -0.33366554162211065 -0.5207804296617261 -25.606857299804688 -0.49999998853931116 -0.15293557588402748 0.8524146415270619 -0.16172179579734802
-0.3746147335453521 0.9250792080142219 -0.062387982100118006 59.83705520629883 -0.7839943563126571 -0.3519671721294802 -0.5113432888120067 -25.598880767822266 -0.49499156627224195 -0.14264490402028632 0.8571089666293288 -0.16604430973529816
-0.38530059576629283 0.9195411009811152 -0.07737967762002101 59.81427764892578 -0.7827072277394573 -0.3700752461742597 -0.5004135368007889 -25.592191696166992 -0.4887871178197653 -0.13224400090552216 0.8623216787707167 -0.16970519721508026
-0.3957229950048235 0.9137655648919093 -0.09184663108782365 59.79825210571289 -0.7813725550185951 -0.3875535260467386 -0.4891412829770687 -25.58684730529785 -0.48255594648509437 -0.12179801667724441 0.8673551761794962 -0.1726965308189392
-0.40575077005480015 0.9078644644763312 -0.10558611054982978 59.7889518737793 -0.7800293061951125 -0.4041748076627211 -0.4776997030850802 -25.58287811279297 -0.47636183104517105 -0.11146676182569654 0.8721551277905699 -0.17499755322933197
-0.4152765290348417 0.9019419538806819 -0.11851631222187156 59.78638458251953 -0.7787268969946548 -0.4198052929592748 -0.46620589432186876 -25.580299377441406 -0.4702444304081127 -0.10131252554978212 0.876701743945382 -0.17660033702850342
-0.4242010262592311 0.8961024201157821 -0.13059074233364984 59.777645111083984 -0.7775203065782443 -0.4343398504129748 -0.4547648482476496 -25.576698303222656 -0.46423664458882197 -0.09137476131773656 0.8809852387043944 -0.17879454791545868
-0.4324248604752011 0.8904552195210335 -0.14176826891357253 59.762733459472656 -0.77647008987911 -0.4476778116494494 -0.44348480975100724 -25.572086334228516 -0.45836987200963575 -0.08169503647412299 0.8849988595751759 -0.18157653510570526
-0.4398494883424833 0.8851129657213668 -0.1520113992988086 59.74163055419922 -0.7756410537008098 -0.459722861230653 -0.432476411698718 -25.566476821899414 -0.45267359478851077 -0.0723182464792119 0.888738818668015 -0.1849377453327179
-0.44637650814010943 0.8801897242978742 -0.16128875416802957 59.71432876586914 -0.7751009121541095 -0.4703833821834622 -0.4218507434431216 -25.559879302978516 -0.44717623925976924 -0.0632892013386101 0.8922039497981449 -0.18887512385845184
-0.4519086162728647 0.8757991248653677 -0.16957150534037416 59.68082046508789 -0.7749182671454379 -0.4795713308636802 -0.41171958643954515 -25.552309036254883 -0.4419052859863257 -0.05465557152472483 0.8953951567429037 -0.19338195025920868
-0.45634658572084386 0.8720538810941469 -0.1768327519707933 59.64107131958008 -0.7751631315008185 -0.4871991606100864 -0.40219286102897467 -25.543773651123047 -0.43688661373721827 -0.046465109162282775 0.8983156908168554 -0.19845092296600342
-0.45959095620525703 0.8690624518094294 -0.18304810250128495 59.5950927734375 -0.775902776078935 -0.4931811544513981 -0.3933792457247697 -25.534242630004883 -0.43214700629223385 -0.03876601280722125 0.9009695673016324 -0.2040746957063675
-0.46153963881153975 0.8669282906332038 -0.18819272224372963 59.543025970458984 -0.7772022483830953 -0.4974298036902604 -0.38538325795100536 -25.522899627685547 -0.42771231793575404 -0.031605842821559454 0.903362188596337 -0.21018370985984802
-0.46208811580902237 0.8657470894366285 -0.19224086547889346 59.48469924926758 -0.7791207759638105 -0.499855362366272 -0.3783060046777381 -25.510517120361328 -0.42360994994170936 -0.025031856616905185 0.9054987666831431 -0.2168298363685608
-0.4611274240703039 0.8656054380705478 -0.19516332737730566 59.42012405395508 -0.7817113638645607 -0.5003626708004258 -0.37224258390795784 -25.497106552124023 -0.41986764864096693 -0.0190898730262912 0.9073845570498462 -0.22400817275047302
-0.4585438291403049 0.8665779160272289 -0.1969270733323687 59.34927749633789 -0.7850173278852313 -0.4988502962437876 -0.3672821488412103 -25.482683181762695 -0.4165157280070927 -0.01382379800889294 0.9090234050514493 -0.23171263933181763
-0.45421846779277597 0.8687244081150169 -0.19749300306896128 59.27215576171875 -0.7890704166346465 -0.4952089251609325 -0.36350515544209205 -25.467260360717773 -0.41358609878477365 -0.009274868525629087 0.9104177698759092 -0.23993834853172302
-0.44802594020344944 0.8720875639406791 -0.1968147294407278 59.18898391723633 -0.7938876575692386 -0.4893191565595252 -0.3609835871381162 -25.44957733154297 -0.4111145145382757 -0.005481226494745445 0.9115672285092696 -0.24813659489154816
-0.4398333901289625 0.876690008779902 -0.19483638631723654 59.099666595458984 -0.7994693330525683 -0.4810493679499347 -0.3597781137082276 -25.430158615112305 -0.40913979815723855 -0.002476711623079497 0.9124683509379329 -0.25652220845222473
-0.4295004866804548 0.8825305663218936 -0.19149185739558283 59.004085540771484 -0.805795084908383 -0.4702549473227413 -0.3599368912128591 -25.409652709960938 -0.40770530175452 -0.0002898724608351999 0.9131135213626027 -0.2653564512729645
-0.4168793545366775 0.8895806483827232 -0.18670263464680079 58.90242004394531 -0.8128205442541853 -0.45677691904791934 -0.3614935809435908 -25.38715934753418 -0.4068591483540869 0.0010565264143866382 0.9134902939563849 -0.27397215366363525
-0.4018154933643841 0.8977796937018069 -0.18037719054532947 58.79494857788086 -0.8204731237857438 -0.44044208282417335 -0.364464847170159 -25.36130714416504 -0.40665484435525895 0.001547014606770536 0.913580562571362 -0.2813543677330017
-0.38414678192484425 0.9070315537577007 -0.1724094267279992 58.6812744140625 -0.8286490970671376 -0.4210610155901357 -0.3688472516910234 -25.334247589111328 -0.40715098411597106 0.0011754310250896571 0.9133601121656789 -0.28904539346694946
-0.3637680731228172 0.9171690340837273 -0.16270756557221225 58.56171798706055 -0.8371906909123648 -0.3984983827377804 -0.3745808137172152 -25.30451774597168 -0.40839262484304273 -4.3281596619038076e-05 0.9128063661590631 -0.2952459752559662
-0.3408211452961433 0.9278761433667518 -0.15128387055422823 58.43608093261719 -0.8458453101224076 -0.37288293998197214 -0.38144989764624304 -25.273183822631836 -0.4103494343397509 -0.002043438583429813 0.9119260749072824 -0.3012799024581909
-0.31552153402838495 0.9388031641713495 -0.13818386485489972 58.30406188964844 -0.8543417053860356 -0.34442142209684173 -0.3891967811260387 -25.241464614868164 -0.4129726528505916 -0.004743726662828768 0.9107310717521904 -0.3062060475349426
-0.28810121247848935 0.9496080143895792 -0.12345975204699283 58.16552734375 -0.8624175618323559 -0.3133362128729091 -0.39756303493357825 -25.21026039123535 -0.4162134553466033 -0.008064534056197142 0.9092311713084289 -0.311105340719223
-0.2588113594792642 0.959963112278437 -0.10717977080210686 58.01997375488281 -0.8698269288150976 -0.2798725058350164 -0.4062911448527078 -25.181779861450195 -0.420021182933183 -0.011924912675813304 0.9074359494449644 -0.316122442483902
-0.22792211567281828 0.969563974398891 -0.0894271140932823 57.866336822509766 -0.8763473616021799 -0.24429836853311715 -0.41513083352716107 -25.16373634338379 -0.42434279892573246 -0.016248282367186007 0.9053558318804775 -0.32333067059516907
-0.1957205301054068 0.9781364860367047 -0.07030283620897246 57.70550537109375 -0.8817869997138567 -0.2069047840502547 -0.423842066662515 -25.160268783569336 -0.4291213828637451 -0.020962466956074094 0.9030035513486212 -0.33452025055885315
-0.16251085354346473 0.985442661453221 -0.04992978538474535 57.539520263671875 -0.8859890390959857 -0.1680082303421837 -0.4321997884532792 -25.17737579345703 -0.4342967246967747 -0.02599991394754797 0.9003945576203655 -0.35179564356803894
-0.12860891646893396 0.9912873038245393 -0.028446930958569816 57.37163543701172 -0.8888378750925732 -0.12794378403322054 -0.4399972953646187 -25.21770477294922 -0.43980334060305365 -0.03130286573998481 0.8975484121710976 -0.37640440464019775
-0.0943422109033692 0.9955216502171707 -0.006015911464229917 57.20430374145508 -0.8902610197832193 -0.08706853406396614 -0.44705076560777135 -25.27928352355957 -0.4455725125009472 -0.03682002613841015 0.8944883575423215 -0.4081372022628784
-0.06004012952720322 0.9980479554620335 0.017188991954475263 57.03763198852539 -0.8902331560365438 -0.04574893412764097 -0.45320190083383266 -25.35734748840332 -0.4515308524780682 -0.04251251138475731 0.8912421531975413 -0.44562071561813354
-0.02603464210331219 0.9988209205111406 0.04097518956429744 56.871341705322266 -0.8887762766711419 -0.004364348739463675 -0.45832050192704876 -25.448646545410156 -0.4576012756069786 -0.048349986653131616 0.8878419630505803 -0.4877496361732483
0.007348434997593745 0.9978490526564848 0.06514037623196667 56.705726623535156 -0.8859600085431177 0.03670421335523821 -0.46230689372347894 -25.55193328857422 -0.4637034222057942 -0.05431453612550868 0.88432407374226 -0.5340783596038818
0.039792274213156564 0.99519383317886 0.08947518826866055 56.538211822509766 -0.8819000751736169 0.07707752292038417 -0.4650928002767044 -25.662710189819336 -0.4697540125658468 -0.060401075017129796 0.8807286062204754 -0.5832281112670898
0.07099335788805106 0.990968029967085 0.11376425940924198 56.36848831176758 -0.8767557896663826 0.11638214566162497 -0.4666417056561426 -25.780414581298828 -0.47566714036420144 -0.06661501147902402 0.8770993169666662 -0.6350372433662415
0.1006658023186725 0.9853323028428078 0.13779205063437894 56.19753646850586 -0.8707261600734943 0.15425671752028902 -0.4669484117796453 -25.90603256225586 -0.4813547033188783 -0.07297340662429744 0.8734829886829163 -0.689793050289154
0.12854266431966582 0.9784905849805258 0.16134732273598418 56.02348327636719 -0.8640456024475581 0.19035491988841485 -0.46603669529910524 -26.037044525146484 -0.4867257752992311 -0.07950584619223483 0.8699292155575755 -0.7467559576034546
0.15437898405776213 0.9706845810196394 0.18422424773091148 55.84604263305664 -0.8569772990599547 0.22434858907723915 -0.46395863983221286 -26.17307472229004 -0.49168794796821913 -0.08625053477967035 0.8664893577378909 -0.8058190941810608
0.17795051250409977 0.9621872062631462 0.20622656279696272 55.66546630859375 -0.8498075719445353 0.2559282796169451 -0.46079041478533805 -26.314369201660156 -0.4961458513030834 -0.09325500413292648 0.8632165420327081 -0.8670586943626404
0.19905321746422228 0.9532952559838842 0.22716947756193354 55.480751037597656 -0.8428392431477757 0.28480344854934775 -0.4566278636969977 -26.459745407104492 -0.4999998268271959 -0.10057410508187395 0.8601656948284757 -0.9301342368125916
0.21803564169742856 0.9443943217772768 0.24612968927869802 55.34362030029297 -0.8381291436224534 0.31040173126305576 -0.4485424214492886 -26.56884765625 -0.499999997560284 -0.10849023100600155 0.8592030448130297 -0.9769036769866943
