0 0 0 0 0 0 1
0.079297 0.135274 -0.11362 0.00283762 0.00374816 0.00924811 0.999946
0.220219 0.245961 -0.295618 0.00010618 0.00513058 0.0235739 0.999709
0.372218 0.349539 -0.486884 -0.00519026 0.00378258 0.0379378 0.99926
0.522599 0.456128 -0.681721 -0.00939222 0.00145894 0.0548539 0.998449
0.681053 0.562248 -0.875371 -0.0129603 -0.0014885 0.0720871 0.997313
0.839831 0.677171 -1.06384 -0.0158245 -0.00521062 0.0898948 0.995812
1.00434 0.798709 -1.2546 -0.0180262 -0.00960172 0.107107 0.994038
1.15455 0.92319 -1.42061 -0.019443 -0.012936 0.122488 0.992195
1.35362 1.05261 -1.59571 -0.0204718 -0.0171097 0.139367 0.989882
1.56414 1.1831 -1.72798 -0.0211869 -0.019763 0.156702 0.987221
1.82689 1.30319 -1.76939 -0.0224028 -0.0239301 0.173872 0.984223
2.09927 1.40437 -1.73624 -0.0244719 -0.0273256 0.189797 0.981139
2.33994 1.5294 -1.71116 -0.0223345 -0.0278262 0.204824 0.978149
2.6012 1.65793 -1.68062 -0.0201547 -0.0296157 0.218472 0.975186
2.83519 1.80706 -1.72683 -0.00896094 -0.0199922 0.248327 0.968429
3.03386 1.93614 -1.73959 -0.00269385 -0.0279371 0.233833 0.971872
3.2861 2.05989 -1.74576 0.000959605 -0.0273122 0.242484 0.969771
3.59704 2.27734 -1.67609 0.0335238 -0.0529578 0.256046 0.964631
3.84601 2.37255 -1.66319 0.0352281 -0.0485505 0.256353 0.964721
4.0816 2.47103 -1.63347 0.0383943 -0.0430777 0.253514 0.96561
4.30122 2.57636 -1.62296 0.0412278 -0.0346552 0.24849 0.967137
4.55233 2.69724 -1.58525 0.0450051 -0.0277736 0.241633 0.968927
4.79109 2.79715 -1.55212 0.0467585 -0.0197852 0.229879 0.971895
5.05543 2.87374 -1.55907 0.0457461 -0.0123133 0.215646 0.975323
5.30459 2.94231 -1.53297 0.0428954 -0.00798382 0.199582 0.978911
5.54765 3.03031 -1.50121 0.0448129 0.001287 0.185715 0.981582
5.74495 3.13688 -1.45673 0.0495308 0.0140782 0.16953 0.98418
5.99542 3.21548 -1.37639 0.0516628 0.0237655 0.154196 0.986404
6.18561 3.31439 -1.35147 0.0570181 0.0372676 0.138036 0.988083
6.39494 3.41823 -1.34844 0.0625692 0.0476189 0.12135 0.989492
6.57567 3.51192 -1.33648 0.067643 0.060515 0.106905 0.99012
6.80207 3.5681 -1.27282 0.0694392 0.0694196 0.0938935 0.99073
7.0233 3.62508 -1.21611 0.0721345 0.0770906 0.0799364 0.991195
7.18934 3.7039 -1.19894 0.0762526 0.0896266 0.0698375 0.990595
7.37663 3.79738 -1.16316 0.0820555 0.0981532 0.060155 0.989959
7.56267 3.88443 -1.15381 0.0888092 0.104544 0.0516552 0.989201
7.78946 3.96922 -1.1282 0.0958091 0.102553 0.0427742 0.989181
7.90406 4.04066 -1.12614 0.0996623 0.111583 0.0437298 0.98778
8.1027 4.07588 -1.06062 0.10426 0.109173 0.0397181 0.987744
8.24809 4.15061 -1.04382 0.110976 0.108563 0.0433628 0.986926
8.39626 4.2273 -1.04739 0.118043 0.106134 0.0501773 0.986047
8.55482 4.29449 -1.02285 0.124953 0.10108 0.0588684 0.985245
8.68418 4.34224 -0.981092 0.13085 0.0948745 0.0686833 0.984461
8.80621 4.38185 -0.935745 0.136956 0.0871989 0.0804599 0.983448
8.73697 4.34614 -0.879399 0.14458 0.0766613 0.0947973 0.981956
8.61683 4.26671 -0.826895 0.150032 0.0689793 0.112855 0.979796
8.50842 4.2039 -0.780178 0.156779 0.0593131 0.131924 0.976987
8.42222 4.13053 -0.730698 0.162463 0.0453013 0.150278 0.974153
8.33279 4.06869 -0.698984 0.167539 0.033399 0.1684 0.970804
8.26613 4.00261 -0.668576 0.171519 0.019081 0.184617 0.967543
8.19145 3.95688 -0.640386 0.17707 0.00583434 0.204235 0.962759
8.06952 3.88481 -0.644789 0.175761 0.00567223 0.22756 0.957757
7.98932 3.84803 -0.620779 0.181611 -0.00575691 0.247284 0.951757
7.91214 3.78757 -0.590413 0.184141 -0.0174266 0.265572 0.946185
7.8213 3.73072 -0.541858 0.1883 -0.0282481 0.283234 0.939963
7.73754 3.6614 -0.487378 0.189194 -0.0389961 0.300302 0.934082
7.68302 3.59177 -0.457465 0.184108 -0.0551728 0.313485 0.929943
7.57419 3.5514 -0.413606 0.189076 -0.0631227 0.327793 0.923485
7.48596 3.45951 -0.384484 0.182433 -0.0747129 0.340444 0.91937
7.32447 3.39086 -0.3601 0.184389 -0.0701995 0.345391 0.917488
7.20187 3.34468 -0.346996 0.184368 -0.0693398 0.349654 0.915942
7.06278 3.29212 -0.298374 0.188365 -0.0664475 0.348771 0.915679
6.89996 3.25283 -0.278781 0.191454 -0.0624361 0.349862 0.914904
6.75856 3.16966 -0.218084 0.189458 -0.0590039 0.35286 0.914396
6.62756 3.10212 -0.148568 0.189742 -0.0573546 0.350502 0.915349
6.45619 3.00064 -0.0667216 0.183684 -0.0548394 0.353659 0.915524
6.30305 2.93944 0.0457134 0.191131 -0.0660536 0.356715 0.912067
6.11384 2.84856 0.111856 0.190038 -0.0620723 0.356693 0.912584
5.92444 2.75586 0.224527 0.189164 -0.060386 0.355549 0.913325
5.75625 2.67464 0.32478 0.189155 -0.0586565 0.354241 0.913947
5.63469 2.63807 0.270838 0.188824 -0.053767 0.355844 0.913694
5.6899 2.5301 0.232027 0.128998 -0.0679571 0.402024 0.90395
5.53737 2.49649 0.138712 0.127554 -0.0616709 0.409367 0.901305
4.99999 2.38584 -0.175302 0.125033 -0.0223787 0.427167 0.89521
4.79928 2.33238 -0.0857721 0.128736 -0.0198488 0.429241 0.893752
4.60796 2.175 0.131442 0.127797 -0.0191079 0.428272 0.894367
4.42889 2.06078 0.333895 0.129078 -0.0200829 0.428129 0.894231
4.27219 1.92977 0.502949 0.129566 -0.0225176 0.427765 0.894277
4.08326 1.83666 0.634776 0.133861 -0.0247757 0.427695 0.893618
3.90269 1.71401 0.809726 0.136938 -0.0281221 0.428159 0.892831
3.70695 1.53768 0.96266 0.139538 -0.0304264 0.428934 0.891981
3.53728 1.39404 1.12764 0.143139 -0.0359089 0.42854 0.891396
3.367 1.2867 1.27338 0.148728 -0.0423761 0.430017 0.889484
3.20429 1.18355 1.39998 0.154557 -0.0491723 0.431717 0.887315
3.06469 1.09351 1.5507 0.161317 -0.0579632 0.432605 0.885145
2.91472 0.962187 1.72071 0.166509 -0.0666046 0.433437 0.883167
2.76218 0.867458 1.85566 0.173303 -0.0754597 0.434335 0.880703
2.59904 0.7695 1.98773 0.179646 -0.0837081 0.436251 0.877734
2.4571 0.686072 2.0995 0.185327 -0.0922044 0.437621 0.875016
2.31163 0.600834 2.21468 0.190594 -0.0998035 0.439522 0.872093
2.17963 0.50761 2.33569 0.19463 -0.107563 0.440725 0.869669
2.04835 0.434327 2.43157 0.198764 -0.114647 0.442377 0.866986
1.90662 0.344289 2.53497 0.201389 -0.120255 0.444244 0.864663
1.81946 0.251302 2.65512 0.200945 -0.127965 0.445531 0.862996
1.70339 0.182896 2.75302 0.201128 -0.133354 0.446632 0.861567
1.58755 0.127049 2.82868 0.201147 -0.137385 0.446173 0.861167
1.47582 0.0773072 2.92336 0.199112 -0.140769 0.445559 0.861411
1.36356 0.0213791 3.01361 0.193924 -0.142489 0.445735 0.862221
1.26576 -0.00597347 3.08557 0.188327 -0.143579 0.444282 0.864029
1.16881 -0.0140116 3.13659 0.182201 -0.141727 0.436971 0.86936
1.07334 -0.0641967 3.21296 0.171415 -0.137396 0.428594 0.876391
0.962176 -0.0809501 3.25147 0.162202 -0.130615 0.419222 0.883684
0.868641 -0.100484 3.32121 0.149632 -0.12464 0.407573 0.892173
0.762488 -0.121771 3.37834 0.136317 -0.11585 0.395478 0.900893
0.721742 -0.13205 3.46815 0.120415 -0.109577 0.383281 0.909177
0.575579 -0.12108 3.47481 0.107917 -0.0963221 0.369566 0.917884
0.454953 -0.145844 3.4928 0.0919989 -0.0832686 0.354877 0.92665
0.361467 -0.171202 3.54697 0.0743797 -0.0712915 0.339647 0.934902
0.248717 -0.19127 3.58066 0.0573619 -0.057409 0.324437 0.942428
0.188887 -0.196499 3.61049 0.0404942 -0.0463123 0.309375 0.948956
0.1176 -0.193548 3.65229 0.0242192 -0.0346516 0.294619 0.954688
0.0476023 -0.202683 3.69063 0.00767076 -0.0229113 0.279806 0.959761
-0.0209982 -0.219473 3.72245 -0.00855641 -0.0110147 0.265364 0.964056
-0.0775785 -0.246634 3.74359 -0.0249259 -2.11795e-05 0.251372 0.967578
-0.131175 -0.278647 3.7605 -0.0405142 0.0100303 0.238245 0.970317
-0.169994 -0.29272 3.77103 -0.0537498 0.0187603 0.227477 0.972127
-0.226637 -0.308007 3.78545 -0.065237 0.0277679 0.217455 0.973501
-0.261518 -0.315421 3.79654 -0.0750533 0.0348608 0.209747 0.974257
-0.308236 -0.322406 3.80969 -0.0829253 0.0416141 0.203672 0.974642
-0.337246 -0.324198 3.81902 -0.0882218 0.046132 0.199882 0.974759
-0.359461 -0.321421 3.81785 -0.0911861 0.0487558 0.197951 0.974753
-0.373126 -0.325921 3.8236 -0.0927723 0.0500514 0.197586 0.974611
-0.380682 -0.325588 3.8284 -0.0930322 0.0504951 0.198896 0.974297
-0.388869 -0.320966 3.83029 -0.0917567 0.0501488 0.201434 0.973915
-0.389564 -0.312045 3.83633 -0.0892749 0.0490603 0.205878 0.973271
-0.390714 -0.31922 3.8477 -0.0870384 0.0471077 0.211018 0.972469
-0.403699 -0.305196 3.84999 -0.081647 0.0448905 0.217387 0.971639
-0.415102 -0.314046 3.85255 -0.0768285 0.0417545 0.223927 0.970686
-0.429618 -0.325719 3.8674 -0.0719585 0.0382333 0.23067 0.969625
-0.449371 -0.319993 3.87557 -0.0652502 0.0343631 0.237531 0.968588
-0.459017 -0.324717 3.88962 -0.0589633 0.0296259 0.244623 0.967382
-0.498258 -0.322628 3.89941 -0.0510971 0.0261732 0.251129 0.966261
-0.524207 -0.32417 3.90577 -0.0438127 0.021957 0.257162 0.965137
-0.562189 -0.327786 3.93152 -0.0373256 0.0184367 0.262496 0.964047
-0.58966 -0.322687 3.94881 -0.0298249 0.0138165 0.267601 0.962982
-0.633173 -0.311819 3.9682 -0.0224945 0.0102451 0.271386 0.962166
-0.686998 -0.3317 3.9779 -0.0173195 0.00810213 0.273305 0.96175
-0.761443 -0.352564 3.9967 -0.0124408 0.00733392 0.272935 0.961937
-0.808443 -0.357448 4.00579 -0.00803068 0.00556059 0.272314 0.962172
-0.855014 -0.381528 4.01273 -0.00584318 0.00405968 0.26998 0.962853
-0.925703 -0.407867 4.02225 -0.00417468 0.00491508 0.265263 0.964168
-0.996104 -0.420172 4.03718 -0.00257551 0.00643955 0.259351 0.965772
-1.06502 -0.448266 4.04442 -0.00278452 0.00787944 0.251658 0.967794
-1.14122 -0.46562 4.05542 -0.0026402 0.0101625 0.243244 0.969922
-1.22353 -0.492229 4.06867 -0.00374117 0.013066 0.233643 0.972241
-1.30691 -0.527909 4.0784 -0.00569825 0.0166048 0.222681 0.974747
-1.40089 -0.55989 4.09483 -0.00799516 0.0205828 0.211247 0.977197
-1.49495 -0.603271 4.10828 -0.0113794 0.0246478 0.198873 0.979663
-1.58082 -0.628866 4.12066 -0.0140554 0.0284522 0.187787 0.981711
-1.71217 -0.682355 4.14332 -0.0182374 0.0355536 0.174658 0.983832
-1.80471 -0.72208 4.16029 -0.0222398 0.0398905 0.16277 0.985621
-1.91277 -0.764887 4.17046 -0.0261116 0.0449496 0.150596 0.987242
-2.02297 -0.820602 4.18647 -0.0314243 0.0501498 0.138667 0.988583
-2.12116 -0.878447 4.20892 -0.0372482 0.0548945 0.12688 0.989712
-2.20959 -0.919533 4.23136 -0.0421751 0.0595534 0.11629 0.990545
-2.2774 -0.974648 4.25543 -0.0485864 0.0628133 0.106053 0.991199
-2.35256 -1.01834 4.26862 -0.054148 0.0667892 0.0966404 0.991613
-2.41567 -1.06186 4.28826 -0.0600513 0.0704055 0.0887322 0.991762
-2.4626 -1.09217 4.30599 -0.0650624 0.0725826 0.0826119 0.991818
-2.49902 -1.1293 4.31829 -0.0702188 0.0747923 0.0832866 0.991246
-2.53895 -1.14469 4.33751 -0.0739259 0.0773417 0.0836248 0.990752
-2.56193 -1.17105 4.35521 -0.0789383 0.0781042 0.0843803 0.990241
-2.60269 -1.1829 4.37315 -0.0825055 0.0807665 0.0839505 0.989774
-2.61183 -1.19763 4.37806 -0.0872045 0.0811554 0.0846205 0.989282
-2.62806 -1.20916 4.37853 -0.0905175 0.0814202 0.0854105 0.988895
-2.65676 -1.22177 4.39222 -0.0936283 0.082378 0.0859946 0.988475
-2.68873 -1.23227 4.41108 -0.0961154 0.0834013 0.0866013 0.988098
-2.72049 -1.26186 4.4219 -0.0992371 0.0835712 0.0864188 0.987791
-2.76339 -1.28598 4.43373 -0.100767 0.0847609 0.0869377 0.987489
-2.80681 -1.32063 4.46147 -0.103266 0.0856628 0.0865363 0.987188
-2.84493 -1.356 4.47503 -0.104696 0.0861383 0.0866389 0.986987
-2.88567 -1.40126 4.49828 -0.105874 0.0873731 0.0871113 0.986712
-2.94053 -1.45375 4.52305 -0.106319 0.0897061 0.087366 0.986432
-2.99495 -1.51275 4.55327 -0.106469 0.0919764 0.0873211 0.98621
-3.05281 -1.5659 4.58445 -0.104251 0.095057 0.0881988 0.986077
-3.10895 -1.62391 4.60857 -0.101364 0.0981674 0.0883295 0.986062
-3.18273 -1.69285 4.64426 -0.0978663 0.102926 0.0875087 0.986003
-3.24891 -1.75342 4.67144 -0.0922919 0.107679 0.0868161 0.986095
-3.32095 -1.83198 4.69748 -0.0861262 0.11303 0.0847264 0.986235
-3.3814 -1.93549 4.7247 -0.0810791 0.118327 0.0832871 0.986165
-3.46592 -2.01779 4.75609 -0.0725173 0.12597 0.0815738 0.986028
-3.54402 -2.11679 4.77088 -0.063741 0.132706 0.0792327 0.985942
-3.6112 -2.21951 4.78351 -0.0540386 0.138997 0.0772189 0.985814
-3.74213 -2.4393 4.88638 -0.0582359 0.14965 0.0680789 0.984689
-3.83053 -2.55735 4.89446 -0.0476941 0.156362 0.064179 0.984474
-3.9366 -2.67676 4.89731 -0.0360334 0.164769 0.0615329 0.983768
-4.03176 -2.83421 4.89215 -0.0282027 0.170544 0.0561321 0.983362
-4.15158 -2.93949 4.85987 -0.0158395 0.17723 0.0515835 0.982706
-4.27067 -3.05073 4.80625 -0.00243562 0.183934 0.0483777 0.981761
-4.38569 -3.16865 4.74346 0.00997008 0.189884 0.044699 0.980755
-4.50062 -3.29989 4.67389 0.021382 0.19415 0.0413595 0.979883
-4.63361 -3.42664 4.60321 0.033752 0.199391 0.03813 0.978613
-4.78635 -3.5632 4.56319 0.0444389 0.204386 0.0340842 0.977304
-4.95415 -3.69535 4.51709 0.0560528 0.208713 0.0300367 0.975925
-5.09642 -3.89702 4.5037 0.0601028 0.213018 0.0306758 0.974733
-5.24004 -4.01835 4.47549 0.0733307 0.212541 0.0255803 0.974079
-5.42221 -4.1701 4.43895 0.0807645 0.214836 0.0235422 0.973038
-5.62408 -4.30497 4.40552 0.0901271 0.217837 0.0202099 0.971623
-5.79329 -4.48968 4.40071 0.0928093 0.217566 0.0191004 0.971453
-5.94647 -4.67842 4.3694 0.0970971 0.211888 0.0347783 0.971855
-6.15057 -4.80345 4.38064 0.106405 0.209221 0.0496438 0.970812
-6.36748 -4.98737 4.40535 0.110261 0.206489 0.0695363 0.969745
-6.58299 -5.15628 4.45776 0.113977 0.201967 0.0911247 0.968479
-6.76739 -5.2932 4.54965 0.117255 0.194114 0.111048 0.967614
-6.93224 -5.36948 4.70761 0.11967 0.18596 0.133695 0.966054
-7.11369 -5.44736 4.88661 0.121038 0.179054 0.158094 0.963501
-7.28634 -5.54309 5.07084 0.120658 0.172575 0.182683 0.960377
-7.47515 -5.59484 5.27284 0.123637 0.163853 0.207824 0.956407
-7.65549 -5.6792 5.45836 0.123071 0.154997 0.231568 0.952494
-7.85948 -5.76827 5.64888 0.122575 0.14802 0.254002 0.947939
-8.0413 -5.83596 5.85319 0.122319 0.140549 0.275621 0.943057
-8.18026 -5.90909 6.06465 0.119774 0.130643 0.298767 0.937744
-8.30818 -5.82436 6.22351 0.12956 0.116772 0.318567 0.931737
-8.48953 -5.89469 6.42079 0.128314 0.110191 0.335542 0.926739
-8.69659 -6.07997 6.60349 0.120199 0.108771 0.351531 0.922056
-8.8472 -6.17765 6.83585 0.115862 0.103545 0.365745 0.917675
-9.03151 -6.24986 7.04317 0.115102 0.101129 0.375766 0.913984
-9.19329 -6.35679 7.2353 0.111452 0.10023 0.383097 0.911489
-9.38824 -6.488 7.41417 0.10659 0.104362 0.385601 0.910551
-9.62388 -6.58125 7.65163 0.105803 0.113349 0.383589 0.910418
-9.81797 -6.6578 7.82456 0.105195 0.12084 0.380446 0.910844
-9.98815 -6.70776 8.02899 0.106326 0.127891 0.373352 0.912683
-10.1803 -6.80798 8.24246 0.103887 0.141293 0.365047 0.914346
-10.3248 -6.8561 8.42314 0.104133 0.15009 0.352959 0.917657
-10.49 -6.91351 8.60639 0.105033 0.162191 0.33911 0.920713
-10.6708 -7.02244 8.78814 0.101517 0.17848 0.323327 0.923766
-10.8195 -7.06507 8.95738 0.103675 0.190922 0.304899 0.927298
-10.9703 -7.17931 9.16432 0.096875 0.208235 0.28592 0.930349
-11.1182 -7.24122 9.33439 0.0962637 0.223371 0.266308 0.932719
-11.2642 -7.29147 9.45784 0.0965784 0.236534 0.244315 0.935457
-11.4081 -7.32619 9.59907 0.0983721 0.250254 0.222209 0.937211
-11.5493 -7.41615 9.77161 0.0958404 0.266634 0.202788 0.937361
-11.6758 -7.44265 9.89521 0.0984787 0.27883 0.180587 0.938079
-11.8029 -7.513 10.0154 0.0972328 0.291279 0.158035 0.938496
-11.9376 -7.51033 10.1323 0.102774 0.303327 0.135569 0.937603
-12.0326 -7.55646 10.2662 0.103103 0.314034 0.114856 0.936808
-12.1341 -7.61059 10.39 0.103556 0.323747 0.0957079 0.935603
-12.2468 -7.65105 10.4893 0.103916 0.332089 0.0781874 0.934267
-12.3384 -7.69147 10.5951 0.104481 0.339078 0.0627755 0.932855
-12.4337 -7.7376 10.6962 0.0999161 0.343627 0.0519311 0.932358
-12.4963 -7.79101 10.7987 0.0958176 0.346149 0.0437878 0.932273
-12.5593 -7.83395 10.8912 0.0936159 0.347301 0.0373199 0.93235
-12.626 -7.88131 11.0017 0.0909142 0.348812 0.0316305 0.932264
-12.6972 -7.91021 11.0818 0.090581 0.348149 0.0271268 0.932686
-12.7608 -7.94632 11.1702 0.0909278 0.346942 0.0240115 0.933187
-12.8069 -7.99485 11.2439 0.090002 0.344307 0.0245775 0.934238
-12.8351 -8.04723 11.3037 0.0889278 0.3396 0.0260576 0.936021
-12.8934 -8.07822 11.3562 0.0908091 0.336408 0.0284812 0.936923
-12.9368 -8.09246 11.3973 0.0942631 0.331613 0.029711 0.938252
-13.005 -8.14481 11.4754 0.0952349 0.331243 0.0355984 0.93808
-13.0442 -8.169 11.5219 0.0983015 0.326448 0.0403562 0.939251
-13.0901 -8.19195 11.5715 0.102079 0.322453 0.0456328 0.939986
-13.1484 -8.25627 11.6457 0.102502 0.321693 0.0558338 0.93965
-13.189 -8.27064 11.6873 0.106901 0.317896 0.0621561 0.940056
-13.2185 -8.29821 11.7294 0.110417 0.31378 0.0695053 0.940517
-13.2543 -8.32754 11.7691 0.113414 0.310454 0.0779859 0.9406
-13.2719 -8.3482 11.7992 0.114684 0.304724 0.086922 0.941536
-13.2679 -8.38983 11.821 0.112393 0.298148 0.0973903 0.942892
-13.3017 -8.42062 11.8779 0.112611 0.297587 0.108406 0.941841
-13.3161 -8.43812 11.8956 0.110511 0.294594 0.115975 0.942128
-13.3002 -8.45581 11.8807 0.109069 0.287099 0.125199 0.943429
-13.3103 -8.47136 11.8921 0.109754 0.283054 0.132556 0.943566
-13.3228 -8.49664 11.9086 0.108484 0.279452 0.141266 0.943523
-13.3449 -8.53852 11.9571 0.107155 0.279035 0.151323 0.942238
-13.3546 -8.52551 11.9523 0.108944 0.272799 0.15568 0.943149
-13.3869 -8.55433 11.9814 0.108301 0.270643 0.163757 0.942476
-13.405 -8.57567 12.0096 0.107062 0.267292 0.169779 0.942509
-13.4446 -8.59648 12.0586 0.106505 0.268088 0.17434 0.941513
-13.4697 -8.61376 12.0966 0.107 0.265677 0.180554 0.940969
-13.5089 -8.63669 12.1379 0.107279 0.265353 0.187284 0.939712
-13.5394 -8.66406 12.1802 0.105807 0.265428 0.189437 0.939426
-13.5795 -8.69358 12.2315 0.104061 0.266337 0.191466 0.938953
-13.6419 -8.72206 12.2954 0.102995 0.27036 0.193169 0.937571
-13.6964 -8.76056 12.3506 0.101103 0.274422 0.194448 0.936331
-13.7528 -8.79255 12.4154 0.0990302 0.27786 0.192203 0.936002
-13.8028 -8.83852 12.4868 0.096227 0.28449 0.191404 0.934465
-13.8673 -8.86168 12.5656 0.0966951 0.292471 0.188175 0.932607
-13.941 -8.90015 12.6349 0.0947682 0.300245 0.186954 0.930578
-14.0243 -8.93622 12.7176 0.092315 0.310554 0.182085 0.928404
-14.1256 -8.99449 12.823 0.0881553 0.323487 0.176605 0.925447
-14.1897 -9.07149 12.9144 0.0832647 0.33241 0.170743 0.923836
-14.2939 -9.1233 13.0159 0.0798752 0.346743 0.164151 0.920054
-14.3826 -9.17099 13.1138 0.0756718 0.359035 0.153069 0.917602
-14.4693 -9.21637 13.2231 0.0723658 0.374088 0.145971 0.913001
-14.5479 -9.27461 13.3331 0.0690836 0.387773 0.13927 0.908582
-14.6542 -9.26972 13.464 0.07035 0.405139 0.127766 0.902578
-14.7195 -9.29847 13.602 0.0665418 0.420662 0.117675 0.897121
-14.7854 -9.31893 13.7597 0.0634091 0.43824 0.107125 0.890229
-14.829 -9.33171 13.9084 0.0600697 0.45392 0.0951941 0.883937
-14.9037 -9.35371 14.1205 0.0566615 0.474734 0.0836942 0.874342
-14.7958 -9.3686 14.2028 0.0519492 0.481005 0.0747914 0.872011
-14.9685 -9.24444 14.4303 0.0617311 0.508856 0.0535642 0.857
-15.0023 -9.065 14.6316 0.0739795 0.526147 0.0336263 0.84654
-14.9951 -8.99978 14.7815 0.0787308 0.537235 0.018124 0.839593
-14.9416 -9.02844 14.9262 0.0745362 0.546286 0.00753051 0.834281
-14.9071 -9.06625 15.1443 0.0699532 0.559941 -0.00172806 0.825613
-14.8507 -9.09391 15.3264 0.0659867 0.569399 -0.0108181 0.819378
-14.8352 -9.12457 15.553 0.0614658 0.580353 -0.0212646 0.811806
-14.8005 -9.15659 15.7749 0.0570833 0.590212 -0.0297341 0.804722
-14.7266 -9.15539 15.9305 0.0534194 0.596912 -0.0398621 0.799577
