1.0 0.0 0.0 0.0 0.0 1.0 0.0 0.0 0.0 0.0 1.0 0.0
0.9998008474426463 -0.01847395630892126 0.007548403226026156 0.079297 0.01851649973972615 0.9998128406793112 -0.005605608812179833 0.135274 -0.007443432699724973 0.005744262447219424 0.9999557984024006 -0.11362
0.998835896947091 -0.04713298350493283 0.010263178641331987 0.220219 0.04713516256454887 0.9988885200932135 2.9597352116391567e-05 0.245961 -0.01025316633600148 0.00045419369593975416 0.9999473317571145 -0.295618
0.9970928339529216 -0.07585863596032309 0.007165740015585749 0.372218 0.0757801057497441 0.9970675722051541 0.010659832525789475 0.349539 -0.00795336735536528 -0.010085822086446695 0.9999175066677009 -0.486884
0.9939778404805382 -0.10956508163450357 0.0018829551429882334 0.522599 0.10951027087617715 0.9938056698473758 0.018915368139029644 0.456128 -0.0039437553514694535 -0.01859525384697073 0.9998193153405742 -0.681721
0.9896024682944142 -0.1437482275853811 -0.004837541903124747 0.681053 0.14382539321505636 0.9892709607918043 0.025636349205665033 0.562248 0.0011004599663005906 -0.026065555818394887 0.9996596299679911 -0.875371
0.983783551659616 -0.17887169808668382 -0.013222673995012469 0.839831 0.17920151985215108 0.9833370232609581 0.030579633205083914 0.677171 0.007532513967544341 -0.03245326343936152 0.9994448693777284 -1.06384
0.9768718087354948 -0.21259056526941525 -0.022950399915326488 1.00434 0.2132828949599461 0.9764063072920184 0.03378061275153724 0.798709 0.015227475672202468 -0.03789425601321683 0.9991657266669316 -1.2546
0.9696586873383878 -0.24256103040885785 -0.030433149626483507 1.15455 0.24356708940477645 0.9692373068632094 0.03541349945202424 0.92319 0.02090700906587144 -0.04175152106865118 0.9989092588720827 -1.42061
0.9605682490164199 -0.27521285934660006 -0.03957930054710356 1.35362 0.2766139228515227 0.9603155438405894 0.03576022850661299 1.05261 0.028166942791529127 -0.04529832566907803 0.9985763290932532 -1.59571
0.9501078280510298 -0.3085614903090285 -0.04566094364362271 1.56414 0.3102363566579521 0.9499912109585262 0.03563849195957754 1.1831 0.032380828954100584 -0.048026094988289886 0.998321078669794 -1.72798
0.9383918126163288 -0.3411851261077174 -0.054895498335495084 1.82689 0.34332952910931286 0.9385333409622862 0.03577712039484054 1.30319 0.03931463412291716 -0.052420202451253624 0.9978509317121226 -1.76939
0.9264609825985209 -0.37109624214313297 -0.06290967167159461 2.09927 0.3737710736588302 0.9267566109993916 0.037647954324865576 1.40437 0.044330939743117546 -0.05839317628085562 0.9973088813127678 -1.73624
0.9145457883805648 -0.3994532280354572 -0.06358552954426493 2.33994 0.4019391614504731 0.9150967226061161 0.03229394320976983 1.5294 0.0452869898299949 -0.05509180417810225 0.9974537491355375 -1.71116
0.9027858932309081 -0.4249074339093103 -0.0665680373142873 2.6012 0.42729501359512745 0.9037276477499254 0.026368732414099677 1.65793 0.04895510535185379 -0.052249510055039125 0.9974333994603335 -1.68062
0.875868151825034 -0.48061535166428815 -0.043172495448049394 2.83519 0.4813319465567081 0.8765069304079597 0.007426854700777117 1.80706 0.03427153107944782 -0.027285246772362954 0.9990400279598619 -1.72683
0.8890833812498731 -0.45436061297738267 -0.05556234840347798 3.03386 0.4546616461655045 0.8906298294781518 -0.007829070812772256 1.93614 0.053042706297529794 -0.01830137203968234 0.9984245244834978 -1.73959
0.8809112450703624 -0.4703597746485224 -0.052507720395907016 3.2861 0.4702549390753875 0.8824013141963368 -0.015106719689621748 2.05989 0.05343847475169105 -0.011384335605051086 0.9985062475112733 -1.74576
0.8632719568445105 -0.4975300666393204 -0.0850021253600361 3.59704 0.4904286862055669 0.8666333206681697 -0.0917953770859041 2.27734 0.1193366342433515 0.03755689414122476 0.992143259529557 -1.67609
0.8638521997637363 -0.49803811271378096 -0.07561359168727222 3.84601 0.4911967564473475 0.8660844601473909 -0.09286255621512877 2.37255 0.11173684897543651 0.043078372482000374 0.9928036716316792 -1.66319
0.8677501692571745 -0.4928982809531984 -0.06372541398474374 4.0816 0.4862825405168942 0.8685132997896307 -0.09598926438389996 2.47103 0.10265931298513642 0.05230614420800886 0.9933403911728903 -1.63347
0.8741037221988167 -0.4835043084617935 -0.04654316853263116 4.30122 0.477789289109279 0.8731062269535281 -0.09696861176393268 2.57636 0.08752187184140817 0.06252279707320632 0.9941985826762775 -1.62296
0.8816845804616172 -0.4707480318724867 -0.03207165515532576 4.55233 0.46574823163997825 0.8791764153217028 -0.10063506082034133 2.69724 0.07557039963143679 0.07379106470475182 0.9944063522872749 -1.58525
0.8935286014651393 -0.4486858309545325 -0.016960644574795188 4.79109 0.4449853334701269 0.8899388024833929 -0.09998490301492743 2.79715 0.05995574501440074 0.08179213247657219 0.9948443876831707 -1.55212
0.9066906015639181 -0.42177453447069585 -0.004288951816872045 5.05543 0.4195213982339379 0.9028084345543491 -0.09454484079719297 2.87374 0.04374870808951141 0.08392361151399963 0.9955113650636769 -1.55907
0.9202068452585743 -0.39142960756408307 0.001491395819427973 5.30459 0.3900597357179195 0.9166543096933125 -0.08716810822969397 2.94231 0.032753083991115386 0.08079442334038155 0.9961924997941745 -1.53297
0.9310167811657528 -0.36447251075136766 0.01917138738730976 5.54765 0.36470320683702995 0.9270037144772119 -0.08749676718735326 3.03031 0.01411821909968481 0.08845282500884578 0.9959803078562384 -1.50121
0.942122893471991 -0.332300734322115 0.04450478137174012 5.74495 0.335089946250313 0.9376126944787557 -0.09272088801478101 3.13688 -0.010917028804834864 0.10226757609951628 0.9946970198813324 -1.45673
0.951317740176799 -0.3017425819587096 0.06281696791313512 5.99542 0.3066537358202378 0.9471092614023258 -0.0945914016886998 3.21548 -0.030952278307101285 0.10924953637811262 0.9935323322714603 -1.37639
0.9591144546589868 -0.26853168698483776 0.08938789598861575 6.18561 0.2770313818953142 0.9553900822620616 -0.10238849623109056 3.31439 -0.05790575368102076 0.12296553907647698 0.9907201420634713 -1.35147
0.966013327659184 -0.23419012196233718 0.10942229005141606 6.39494 0.24610799563612984 0.9627186462684038 -0.1122660349843149 3.41823 -0.07905128252468314 0.1353801865207696 0.9876351045952169 -1.34844
0.9698186302364967 -0.20350992428181044 0.13429644509448968 6.57567 0.2198835244464464 0.9679916169761478 -0.12101018610394787 3.51192 -0.10537105922982129 0.14688750859999933 0.983524783467133 -1.33648
0.9727299360961543 -0.17640483661141237 0.15059151716638014 6.80207 0.19568654846786276 0.972724492846466 -0.12455454935617644 3.5681 -0.1245120322342626 0.15062667305854666 0.9807182873752317 -1.27282
0.9753345140239461 -0.14734279064834577 0.16435537045569992 7.0233 0.16958627582866798 0.9768136575832399 -0.1306735375254523 3.62508 -0.14129076687538916 0.15532282640620015 0.9777073891471587 -1.21611
0.9741796728108687 -0.12469244541709001 0.188217318910919 7.18934 0.1520294053281009 0.9786165958231762 -0.13855186139147357 3.7039 -0.16691622149357613 0.16358897406415912 0.9723053134519749 -1.19894
0.973494772572171 -0.10299347356481264 0.2042064449955284 7.37663 0.13520936493519023 0.979296637055124 -0.1506536567307535 3.79738 -0.18446234143716186 0.17427117103978904 0.9672658391238372 -1.16316
0.9728046772187975 -0.08362552865160422 0.216004238243075 7.56267 0.12076327840138995 0.9788894043932705 -0.16489925577860107 3.88443 -0.19765447268144418 0.18650014725015054 0.9623670840717136 -1.15381
0.9753066280309992 -0.06497149375768846 0.21108217906231805 7.78946 0.10427333253049645 0.9779820824927573 -0.1807709004406239 3.96922 -0.19468963362692518 0.19831729960349928 0.9606072013243443 -1.1282
0.9712740199941682 -0.0641492884259182 0.2291541989115994 7.90406 0.10863154131125456 0.9763103786904215 -0.18712891998220724 4.04066 -0.21172143565711457 0.2066468321939983 0.9552335423484019 -1.12614
0.9730075821420665 -0.055697618174558 0.2239509330718033 8.1027 0.10122691536072127 0.9751047650931869 -0.19729117744875158 4.07588 -0.20738697331463118 0.21463567369438508 0.954422427899279 -1.06062
0.9726676180345228 -0.061495675694756086 0.2239106667800658 8.24809 0.10968699146371536 0.9716081279690564 -0.20963398953439133 4.15061 -0.20466183994747802 0.22846428065523033 0.9517970391496298 -1.04382
0.9724357636849634 -0.07389722952321483 0.22115127170160123 8.39626 0.12401048082983814 0.9670963427212739 -0.2221397410178757 4.2273 -0.19745907462255183 0.2434417042413437 0.9496031015562637 -1.04739
0.9726347891470226 -0.09073876682003731 0.21388792190515576 8.55482 0.14125958103854483 0.9618426565658126 -0.2343169536658312 4.29449 -0.18446489559193074 0.25811853905986565 0.9483393496464538 -1.02285
0.9725629699760445 -0.11040298979988636 0.2047741421044687 8.68418 0.160060116911971 0.9563219273718487 -0.24459993908813207 4.34224 -0.16882543767306252 0.2706650163413032 0.9477544093927817 -0.981092
0.9718452353687305 -0.13437084474390848 0.19354925619569222 8.80621 0.18214028674350896 0.9495387370377678 -0.25534506615502395 4.38185 -0.14947158404221714 0.2834090029401495 0.9472790415798193 -0.935745
0.970273166135953 -0.1640054444694768 0.1779668431502991 8.73697 0.20834001040321398 0.9402204567658736 -0.2694066308466836 4.34614 -0.12314391232092015 0.298475638642992 0.9464395754589704 -0.879399
0.9650113571576208 -0.2004507090942535 0.16903429764523606 8.61683 0.24184694468422413 0.9295085917892273 -0.2784310204286044 4.26671 -0.10130713648955411 0.3095695253309328 0.9454647392064224 -0.826895
0.9581562479881962 -0.23917671601084367 0.1572612570198096 8.50842 0.2763727151748274 0.9160332466357128 -0.29069092411860586 4.2039 -0.07453003923302398 0.321990045772076 0.9438048970394359 -0.780178
0.95072882591092 -0.27806685247965857 0.13708947856819323 8.42222 0.3075058757539866 0.9020449824417034 -0.30291085492025627 4.13053 -0.039431408278389986 0.3301419016177779 0.9431073580655492 -0.730698
0.9410521161933441 -0.31577432467057315 0.12127444284296793 8.33279 0.33815678039533154 0.8871446731152883 -0.31404509363438815 4.06869 -0.008420598594657658 0.33654257508079355 0.9416306009669057 -0.698984
0.9311053533314366 -0.35070224903825614 0.10025344640983377 8.26613 0.36379318998077864 0.8729963215945541 -0.3248567952282772 4.00261 0.02640711875895544 0.3389474221791437 0.9404346383864024 -0.668576
0.9165084388836644 -0.39119017585162225 0.08356152088255032 8.19145 0.3953225029643554 0.8538692395107306 -0.33856674447937646 3.95688 0.061093372022055246 0.3433330280275159 0.9372246431674912 -0.640386
0.8963691794595061 -0.43389779329624195 0.09085702552771358 8.06952 0.43788559612725303 0.8346500478164177 -0.3340890635509221 3.88481 0.06912668673798941 0.33925212254708675 0.9381521723728643 -0.644789
0.8776357532626431 -0.47279653758327067 0.07886012074796417 7.98932 0.46861449187559 0.8117373524182606 -0.3485440125625094 3.84803 0.10077669670759767 0.34284968242403707 0.9339690319611467 -0.620779
0.858336522058303 -0.508975265833083 0.06482741450188756 7.91214 0.49613953838656777 0.7911284914382283 -0.35771674336580495 3.78757 0.1307821599088362 0.3392047888883887 0.9315772312829269 -0.590413
0.8379621916524553 -0.5430935101032228 0.053561223331577014 7.8213 0.5218171855490128 0.7686447922975425 -0.3699892000309952 3.73072 0.1597691779622143 0.33798612775915693 0.9274908016878927 -0.541858
0.8165970419001131 -0.5757658524294073 0.04077933712338776 7.73754 0.546254703329253 0.7480500739661822 -0.37686454586476964 3.6614 0.18648075034880846 0.3300223780525002 0.9253702824998855 -0.487378
0.7973675756617965 -0.6033578750002553 0.01281498959836655 7.68302 0.5627271286073701 0.735664548650788 -0.3770090855506499 3.59177 0.2180438671747826 0.30782616284781456 0.9261209021795465 -0.457465
0.7771361089764419 -0.6292894042218656 0.007369793690819221 7.57419 0.5815497881421027 0.7136060369698654 -0.3905973219468338 3.5514 0.24053962674958823 0.3078331849139279 0.9205321386181561 -0.413606
0.7570334634577464 -0.6532435392834627 -0.01316106339109642 7.48596 0.5987235341201703 0.7016342943813492 -0.386315216680161 3.45951 0.2615921728489262 0.2845737080835151 0.9222729204372078 -0.384484
0.7515557761453021 -0.6596679745107601 -0.0014417862200351572 7.32447 0.6078922458426792 0.6934134838975212 -0.38683944704934914 3.39086 0.25618534850177654 0.28985497020747075 0.9221459556160565 -0.3601
0.7458699833099904 -0.666088829897057 0.001907533361001662 7.20187 0.6149530388465895 0.6875033024361211 -0.3862278720558261 3.34468 0.2559506358860998 0.28924881992118145 0.9224014268005576 -0.346996
0.7478885222722812 -0.6637534215285071 0.009703281021547772 7.06278 0.613688182810597 0.685756681978378 -0.39131136886197493 3.29212 0.25308017016749923 0.2986120703039402 0.9202071826152978 -0.298374
0.7473980556836597 -0.664083817292404 0.019718772036661114 6.89996 0.616269523035802 0.6818856906947572 -0.3940098727227006 3.25283 0.2482096318387142 0.3066342910309976 0.9188946567623555 -0.278781
0.7440182609688518 -0.667661048644343 0.02579828420692991 6.75856 0.6229462742107271 0.6791929040158896 -0.3881171712014759 3.16966 0.24160870595212136 0.30483720779720874 0.9212488859969071 -0.218084
0.7477193668484282 -0.6634238058488306 0.02801075280742532 6.62756 0.619893805398841 0.6822948733160697 -0.3875633830417317 3.10212 0.23800718154696376 0.30715233953147963 0.9214173982796338 -0.148568
0.7438374547907833 -0.6677088026846755 0.029509247156904908 6.45619 0.6274165652358431 0.6823729228008417 -0.3751208443900371 3.00064 0.23033517863762643 0.2975435246239354 0.9265061016724817 -0.0667216
0.7367842251553007 -0.675941725318586 0.015867877477365636 6.30305 0.6254424628456763 0.6724486451935532 -0.3957708241481297 2.93944 0.2568476809936936 0.30152214437863145 0.9182122114290757 0.0457134
0.7378360664490409 -0.6746122095870538 0.02227792007975131 6.11384 0.6274281505243374 0.6733135673739516 -0.3911301010147043 2.84856 0.24886111583896808 0.30256768939567275 0.9200657250203095 0.111856
0.739878735149895 -0.6723044986205314 0.024209882436473998 5.92444 0.6266133954068062 0.6756060939299198 -0.38847401269777426 2.75586 0.24481648222647429 0.302593897789352 0.9211415868643116 0.224527
0.7421470059789603 -0.6697013181444007 0.02679488742498111 5.75625 0.6253209035702936 0.6774693362321906 -0.3873100386294511 2.67464 0.24122932880248393 0.304196388770096 0.921560072911547 0.32478
0.740970146411485 -0.6705653137617426 0.03613034882974052 5.63469 0.6299556008906467 0.675443384392749 -0.3833173298803143 2.63807 0.23263530048865572 0.3067872136509038 0.9229097585933675 0.270838
0.6675195823673592 -0.7443462293702029 -0.019138912677249223 5.6899 0.7092811741864177 0.6434751307883015 -0.28785408109268557 2.5301 0.226578514208304 0.1785733655373588 0.957483018136519 0.232027
0.6572325582824734 -0.7536577432951784 -0.006735748265358998 5.53737 0.7221924322405285 0.6322992460696312 -0.2804206736927324 2.49649 0.21560022065847959 0.1794370903436496 0.9598535698016756 0.138712
0.6340575283209711 -0.7703993710648629 0.06675222724647456 4.99999 0.7592071414744777 0.6037928397485639 -0.24297885299448968 2.38584 0.14688623868032627 0.20474133859880134 0.9677320998887644 -0.175302
0.6307191130619691 -0.7723747943798559 0.07503717362080387 4.79928 0.7621538496104286 0.5983613870387772 -0.24715412200696782 2.33238 0.1459962668780518 0.2130746993608262 0.9660663862022976 -0.0857721
0.6324383247269623 -0.7709436014532557 0.07528431971424639 4.60796 0.7611759349933179 0.6005046070633164 -0.24496002302984063 2.175 0.1436417815386652 0.21222671903889787 0.9666058443452444 0.131442
0.6326074029138617 -0.7708708210676622 0.07460597164467897 4.42889 0.7605018614948835 0.6000920477992865 -0.2480452636735383 2.06078 0.1464404057676544 0.21365325037201405 0.9658713662616143 0.333895
0.6330232951026943 -0.7709091729419855 0.07057304677588358 4.27219 0.7592392123079379 0.6004629642865315 -0.2509981016148396 1.92977 0.1511202380601253 0.21246946979303977 0.9654115174652286 0.502949
0.6329295135735045 -0.7710181579740402 0.07022272368631777 4.08326 0.7577522740810955 0.5983199522331889 -0.2604318065916733 1.83666 0.15878199511448135 0.2180464052306125 0.962935118890921 0.634776
0.6317817893727682 -0.7722413536835919 0.06704522561582625 3.90269 0.7568375741627074 0.5958598288251936 -0.26860370572261205 1.71401 0.16747733265266634 0.2204412757478616 0.9609146616605471 0.809726
0.6301838206055205 -0.7736846466318743 0.0654249173720591 3.70695 0.7567022791229794 0.5930940570469985 -0.27502927165234625 1.53768 0.1739827951756081 0.2228261812750989 0.9592072142771023 0.96266
0.6301323227183055 -0.7742686435273196 0.058662794989654 3.53728 0.7537090255176075 0.5917341190348295 -0.2859605518657653 1.39404 0.18669751128210604 0.22440766479877441 0.9564440596609032 1.12764
0.6265838318553288 -0.7775820535193487 0.052524772271048265 3.367 0.7523723096257999 0.5859357578044879 -0.3010235795322678 1.2867 0.203294390886301 0.22813469216827348 0.9521690778761169 1.27338
0.622410039980653 -0.7813274267050876 0.046186517618114806 3.20429 0.7509281370742378 0.579470706974833 -0.3167343251185485 1.18355 0.22070948117717343 0.23182137959319826 0.9473891348764824 1.39998
0.6189908069682728 -0.7845280537104321 0.036960977125716554 3.06469 0.7471266918258045 0.5736644517895858 -0.3357242962825052 1.09351 0.24218193006538669 0.23542478564134928 0.9412348713554598 1.5507
0.6153973894444137 -0.7877647975870956 0.026696006209969703 2.91472 0.7434043130266881 0.5688198463976286 -0.3518437291149239 0.962187 0.26198488589672186 0.23636963854679038 0.9356779967141159 1.72071
0.6113228434201072 -0.7911849622370389 0.01762772369679369 2.76218 0.7388760602765095 0.5626439377180871 -0.37080178923428786 0.867458 0.283454667738986 0.2397043071766979 0.928544719686629 1.85566
0.6053606320146855 -0.7958910561028512 0.009794489382779159 2.59904 0.735740454990327 0.5548299416256445 -0.388393767671819 0.7695 0.30368484996358897 0.24232449874326104 0.9214414518630145 1.98773
0.5999775735304609 -0.8000163727742962 0.0008453126986363302 2.4571 0.7316653943405427 0.5482893485996385 -0.4050241238947154 0.686072 0.3235624545354391 0.24362387712464095 0.9143056078302043 2.0995
0.5937244651153875 -0.8046418766946559 -0.006535272966761985 2.31163 0.7285550423169944 0.5409944610965873 -0.42015776010600614 0.600834 0.34161207507629215 0.24469663531016528 0.907427543570259 2.21468
0.5883888380230389 -0.8084289362193877 -0.015531592741482941 2.17963 0.7246901057863417 0.5357674636594747 -0.43333298450415025 0.50761 0.3586402457411588 0.24371269964259687 0.9011000467027169 2.33569
0.5823228224551714 -0.812634000029776 -0.0229371411350352 2.04835 0.7214844176650892 0.5295971320825987 -0.44607971569704136 0.434327 0.3746469878623205 0.24321360916998874 0.8946992650048383 2.43157
0.5763777806162813 -0.8166676372024553 -0.029027992662396335 1.90662 0.7197968207185019 0.524185963370097 -0.45510615540695504 0.344289 0.38688653491092984 0.24141881896803635 0.8899639110394824 2.53497
0.5702601479689738 -0.8203993902234463 -0.04181153141659899 1.81946 0.7175451124269643 0.5222531117736886 -0.4608478044592099 0.251302 0.3999154601544921 0.23280147715101873 0.8864937094902166 2.65512
0.5654790442713593 -0.8232380347700823 -0.05012572790337347 1.70339 0.7159546006425512 0.5201412947565447 -0.4656844890134849 0.182896 0.40944164457064625 0.2274470742763648 0.8835300606625711 2.75302
0.5641160040228254 -0.823716802691023 -0.05712935296148677 1.58755 0.7131799948478973 0.5209456407601195 -0.4690308458105734 0.127049 0.4161098760592845 0.22384429485136978 0.8813321182780189 2.82868
0.5633283109265198 -0.8236655419350182 -0.06508678158863762 1.47582 0.7115518370580937 0.5236694813779864 -0.4684701243970235 0.0773072 0.4199466600509239 0.21758986488851784 0.8810785739137402 2.92336
0.5620406853949023 -0.8238963842380643 -0.07283554077696072 1.36356 0.7133698258197786 0.5274343775839029 -0.4614287257557114 0.0213791 0.41858542684939126 0.2073830402470866 0.8841823991955438 3.01361
0.5640035145079604 -0.8218126734045492 -0.08077106817627644 1.26576 0.7136550427991899 0.5342996887048934 -0.4530124971092305 -0.00597347 0.41544736791795356 0.19785796036935643 0.8878376608415093 3.08557
0.5779456032316148 -0.8114042882066292 -0.08718922401959028 1.16881 0.7081145515873968 0.5517246521232789 -0.4406514382929287 -0.0140116 0.4056509109264083 0.19293260304920007 0.8934340205886694 3.13659
0.5948650264158425 -0.7983235321342426 -0.09388896840410263 1.07334 0.7041179816963969 0.5738544538138624 -0.41822115404387017 -0.0641967 0.3877543915922448 0.18267622691171737 0.9034798990139334 3.21296
0.6143907733771765 -0.7832804033119528 -0.09484612473084783 0.962176 0.6985375551782601 0.5958926160800183 -0.39617833624125776 -0.0809501 0.3668368323854274 0.17715473431093065 0.9132617031917244 3.25147
0.6367030637378727 -0.7645413661866807 -0.10042762576209219 0.868641 0.6899418267458028 0.6229940341085249 -0.368590164236447 -0.100484 0.34436823943777317 0.1653932672589497 0.9241512770168846 3.32121
0.660356814418515 -0.7441405134235304 -0.10091468640785257 0.762488 0.6809721374347142 0.6500347610694344 -0.33724139342465054 -0.121771 0.31655303771821164 0.1539795625502541 0.9359938400588994 3.37834
0.6821815723071072 -0.7233198177158442 -0.10694271225343638 0.721742 0.6705417005545957 0.6771963356751464 -0.3029504097463901 -0.13205 0.2915512480198878 0.13495763871553473 0.9469869616475051 3.46815
0.7082901600639739 -0.6992171676962115 -0.09705875311087898 0.575579 0.6576385853442169 0.7035539629236236 -0.2693015267704992 -0.12108 0.2565863211923184 0.12691404041063736 0.958152538024943 3.47481
0.7342613933174392 -0.673004442611857 -0.08902374126173696 0.454953 0.6423624350074136 0.7312011646272801 -0.22959825552267527 -0.145844 0.21961490927275246 0.11139962779297365 0.9692055584615205 3.4928
0.7591188859795346 -0.6456678483196339 -0.08277406958392441 0.361467 0.6244576399809183 0.7582191773617641 -0.1875002265340265 -0.171202 0.18382375477247742 0.09064606294342684 0.9787707180204177 3.54697
0.7828931712303451 -0.618093263908769 -0.0709859109365962 0.248717 0.6049211184880577 0.7829039824752477 -0.14536779090140342 -0.19127 0.1454260047173503 0.07086657417289002 0.98682785014254 3.58066
0.8042874942033854 -0.5909084264037767 -0.06283994170152843 0.188887 0.5834070206946527 0.8052975768576212 -0.1055085821695683 -0.196499 0.11295076304402821 0.0481979700013997 0.9924308947304672 3.61049
0.8240007859540192 -0.5642074170710456 -0.051891186816045876 0.1176 0.5608505374630337 0.8252290927426558 -0.06666047643513587 -0.193548 0.08043245224773851 0.025825084959247298 0.9964254541169966 3.65229
0.8423699255383523 -0.5374364835835024 -0.039685446474876415 0.0476023 0.5367335067378896 0.8433020845215181 -0.027545180821879706 -0.202683 0.04827060485801318 0.0019027230649480264 0.998832482627382 3.69063
0.8589235839166495 -0.5114545508089662 -0.025778274740112673 -0.0209982 0.5118315297233295 0.8590198052512857 0.01065173071004858 -0.219473 0.01669617240131976 -0.022343156510250102 0.9996109349063282 3.72245
0.8736263029973861 -0.486435015542868 -0.012572126507841543 -0.0775785 0.4864371271806979 0.8723837232532026 0.04822406767444266 -0.246634 -0.01249015657663674 -0.04824536305894583 0.998757418461561 3.74359
0.8862794466817028 -0.46315085730309546 0.00016052719997940515 -0.131175 0.46152540786277085 0.8831979144667548 0.08340108979310364 -0.278647 -0.03876906352592539 -0.07384258433303935 0.9965160472628327 3.7605
0.895806373322515 -0.44428193721509335 0.012020889283518056 -0.169994 0.44024855903149995 0.8907322787421419 0.1130363387478519 -0.29272 -0.060927397658612194 -0.09596649348202249 0.9935181348839659 3.77103
0.9038862438943158 -0.42700070979123816 0.02569147594833695 -0.226637 0.41975486077253954 0.896916748129526 0.13909063154138693 -0.308007 -0.0824349134557141 -0.11493798659509727 0.9899463340408983 3.78545
0.9095835391843502 -0.41392002900100805 0.03644166347296087 -0.261518 0.4034545532125014 0.9007482601759891 0.16086328133551714 -0.315421 -0.09940929904678295 -0.13161603770716374 0.9863037107713293 3.79654
0.9135734916608763 -0.40390916512418856 0.04733774036892726 -0.308236 0.390105961849975 0.9032839291536929 0.17859306218823914 -0.322406 -0.11489479476312595 -0.14469115267129287 0.9827836264788867 3.80969
0.9158396626092115 -0.39780562732636465 0.05466621680089854 -0.337246 0.38152654707656025 0.9045300302658719 0.19042824954049725 -0.324198 -0.12520066400655652 -0.15354513087264632 0.9801778851400489 3.81902
0.9168782130805857 -0.39479045221521897 0.058947783824796894 -0.359461 0.3770074036104823 0.9050028974898084 0.19706641813848982 -0.321421 -0.13114785549537186 -0.15846215439263142 0.978616362843076 3.81785
0.9169108112828418 -0.39441838089638515 0.06089913762702074 -0.373126 0.3758451936915995 0.9047079251123458 0.20060897441998476 -0.325921 -0.13421979932768788 -0.16105188930896813 0.9777767303523065 3.8236
0.9157828529520063 -0.3969553472280347 0.061385817141702055 -0.380682 0.3781650234328796 0.903572614823264 0.20136470592797315 -0.325588 -0.13539934006890014 -0.1611923759007228 0.9775909352384495 3.8284
0.9138206305260138 -0.40155402241496074 0.060714267741640834 -0.388869 0.38314844205027665 0.9020120902693551 0.19892576595894823 -0.320966 -0.13464444503760348 -0.15851989178104325 0.978132055159344 3.83029
0.9104163842040458 -0.4095020545814892 0.058737336221267 -0.389564 0.3919829758850189 0.8992904073662078 0.19397450821034354 -0.312045 -0.13225488266659874 -0.15357353454504782 0.9792465550096079 3.83633
0.9065063475964148 -0.41860917577796364 0.054887154434367494 -0.390714 0.4022087781233916 0.8957934597626416 0.1891617726893176 -0.31922 -0.12835240772146222 -0.14940025234573967 0.980410742511083 3.8477
0.9014575244702377 -0.4297647660097666 0.051735649919189934 -0.403699 0.41510437297244335 0.8921555671198462 0.17817632726100283 -0.305196 -0.12273015568777321 -0.1391426963718754 0.9826375826983307 3.84999
0.8962286656104802 -0.4411323614588654 0.046652101901016756 -0.415102 0.42830088425463136 0.8879104772518506 0.1678491493368131 -0.314046 -0.11546658167954388 -0.13045008263744362 0.9847082026951565 3.85255
0.890661438837921 -0.45281966462557083 0.04094572866062936 -0.429618 0.4418150531559126 0.8832291146767797 0.1571807551582261 -0.325719 -0.10733899651106522 -0.1219043982621531 0.9867206582981527 3.8674
0.8847989488470653 -0.46461348235345357 0.03556869599134749 -0.449371 0.4556448839774878 0.8786455529260804 0.1427225701434915 -0.319993 -0.0975631068809798 -0.11007408568150479 0.9891234178994606 3.87557
0.8785665456852878 -0.4767706278120708 0.02847091951984459 -0.459017 0.46978342317885335 0.873368710139875 0.12857150327724198 -0.324717 -0.08616472659377522 -0.0995834554747689 0.9912914683818908 3.88962
0.8725011886058703 -0.4879763092388365 0.024915808294872097 -0.498258 0.48262692869392 0.8686495190547715 0.11188950239136762 -0.322628 -0.07624253131171108 -0.085598683795707 0.9934082452605401 3.89941
0.8667743073692022 -0.4983054601518899 0.019848638931995 -0.524207 0.4944575683213309 0.8638994889338132 0.09586128597954689 -0.32417 -0.06491543125017231 -0.07327579001764044 0.9951967872651593 3.90577
0.86151518324743 -0.5074811654750896 0.01595166832003097 -0.562189 0.5047285876500743 0.8594086565355007 0.0816444356989956 -0.327786 -0.055142015223500006 -0.06228665796052154 0.996533858128865 3.93152
0.8564012150953673 -0.5162011140938768 0.010647468779921829 -0.58966 0.514552852455899 0.855003992117289 0.0648346781668358 -0.322687 -0.04257136141441594 -0.05004581173025134 0.9978392134585531 3.94881
0.8524930027636202 -0.5226847512215345 0.007505403356864367 -0.633173 0.5217629404167123 0.8516909416918502 0.04884643126939695 -0.311819 -0.03192356882888951 -0.03772519954264398 0.9987781010177862 3.9682
0.8504810975079747 -0.5259700386780801 0.006117286539815216 -0.686998 0.5254087529524418 0.8500124677539627 0.03774184658676718 -0.3317 -0.025050850336690522 -0.028884651214754288 0.9992687985830495 3.9779
0.8509091060911423 -0.5252619686471048 0.0073182965327241245 -0.761443 0.5248970183942435 0.8507071368691782 0.027937203880819616 -0.352564 -0.020900077799048226 -0.01993066915116239 0.9995828905974634 3.9967
0.851632081844243 -0.5241018711769718 0.006326594853268224 -0.808443 0.5239232544175423 0.8515649402216341 0.018481776588199113 -0.357448 -0.015073840060579758 -0.012425023707082638 0.9998091808598811 4.00579
0.8541923879170834 -0.5199361740469369 0.0046625467230321195 -0.855014 0.5198412907237634 0.8541570653240934 0.013443965768487906 -0.381528 -0.010972551351567172 -0.009059948916299338 0.9998987550959704 4.01273
0.8592264225647359 -0.5115439415804969 0.007262960752671953 -0.925703 0.5114618681678497 0.8592398823316948 0.010657486611220153 -0.407867 -0.011692398250950498 -0.005442466619498895 0.9999168302315131 4.02225
0.8653947622521433 -0.5009677133348872 0.01110205668200119 -0.996104 0.500901374597699 0.8654644295040017 0.00831469719522047 -0.420172 -0.013773829993570852 -0.001634459949580417 0.9999038004468135 4.03718
0.8732157305827053 -0.4871370234719887 0.013849484675028332 -1.06502 0.4870492639921424 0.873324391715175 0.009355280863374834 -0.448266 -0.016652396452916624 -0.0014237970962752535 0.9998603254926179 4.04442
0.8814613104805906 -0.47189653455672737 0.018428749257385985 -1.14122 0.4717892132789709 0.881653916862172 0.010065242928036532 -0.46562 -0.020997532222857242 -0.00017763710779502423 0.9997795117352668 4.05542
0.8904833399898291 -0.4544004077091174 0.02365778253231245 -1.22353 0.4542048843484142 0.8907967797429477 0.01337984430544207 -0.492229 -0.027154083203120277 -0.0011690480666250403 0.9996305763090763 4.06867
0.9002775714127114 -0.43429290084415856 0.02983237649929526 -1.30691 0.43391443775453337 0.9007640570683181 0.018503356506063644 -0.527909 -0.03490780885986677 -0.0037134579826893126 0.999383637603905 4.0784
0.909904525378591 -0.4131779026788598 0.03684800447052186 -1.40089 0.41251966923284056 0.9106239642093238 0.02432114930927288 -0.55989 -0.043603637366494266 -0.006929397202845878 0.9990248776996579 4.09483
0.919686205625235 -0.39020743162377175 0.0437657798769476 -1.49495 0.3890855532900411 0.9206422263481603 0.03209864928132279 -0.603271 -0.05281775651843375 -0.012492052284642627 0.9985260303197294 4.10828
0.927855015816045 -0.3694947701928621 0.050583440226331905 -1.58082 0.3678951860168462 0.929078928956939 0.03828153437177527 -0.628866 -0.061140835213767036 -0.016910309528547614 0.9979858915340496 4.12066
0.9364627952822077 -0.3449555891469942 0.06358517569751349 -1.71217 0.3423620395254535 0.9383256555147009 0.04830318928267831 -0.682355 -0.07632605678407187 -0.023464989221317487 0.9968067652943762 4.14332
0.9438309616662567 -0.32262411798456886 0.0713918363318097 -1.80471 0.3190755928214422 0.9460241853167674 0.056824350954425264 -0.72208 -0.08587130991078532 -0.030853189307192518 0.9958283982914828 4.16029
0.9506021497034011 -0.299688352012016 0.08088537968999603 -1.91277 0.2949936605195362 0.9532793759661793 0.06509356044046691 -0.764887 -0.09661414613066495 -0.03801740424929164 0.9945955880364585 4.17046
0.9565141117180391 -0.27731193134747584 0.09043697704248894 -2.02297 0.2710084144584323 0.9595690597114555 0.07603722073563696 -0.820602 -0.1078665535603014 -0.04822149289275768 0.9929952136069018 4.18647
0.961777235498214 -0.25523130396421695 0.09920448958660374 -2.12116 0.24705265761823206 0.9650290959592847 0.08765744871814696 -0.878447 -0.1181081438393716 -0.05979820589893516 0.991198588038788 4.20892
0.9658610164630222 -0.2353976808282179 0.10816852008654912 -2.20959 0.22535128080741854 0.9693966538677111 0.09740086092299957 -0.919533 -0.12778613819766887 -0.069699779990915 0.9893496063342546 4.23136
0.9696153775227386 -0.21633675902663452 0.11421219884622298 -2.2774 0.2041296226690537 0.9727850308768958 0.10963749746700237 -0.974648 -0.1348225382509433 -0.08299211044243336 0.987388065951723 4.25543
0.9724004586156058 -0.1988870865004314 0.12198883107698677 -2.35256 0.18442149253446877 0.9754579541061191 0.12029336167246828 -1.01834 -0.14291977181453436 -0.09447595775896798 0.9852148152712723 4.26862
0.9743400522481828 -0.18445310059851208 0.12899037275937977 -2.41567 0.16754181301132456 0.9770415272287093 0.1316039321732817 -1.06186 -0.15030370413894298 -0.10661570123666853 0.9828742995784998 4.28826
0.9758147821871317 -0.17331170552176853 0.13322373510083116 -2.4626 0.154422661081163 0.9778849579668458 0.14104839852615272 -1.09217 -0.1547228251089441 -0.11706434859219919 0.9809978520256766 4.30599
0.97493965650076 -0.17561342580489706 0.13657448831772628 -2.49902 0.154606750806875 0.9762660334291418 0.15166207362907624 -1.1293 -0.15996693029223785 -0.12674603208620933 0.978951492446526 4.31829
0.9740510716882727 -0.1771327757969463 0.14088466730413404 -2.53895 0.15426322926856 0.9750844410331139 0.1594151465538198 -1.14469 -0.16561209448154282 -0.13354517061132878 0.9771071187786055 4.33751
0.9735601591471958 -0.1794393240033825 0.14135821703210447 -2.56193 0.15477838301629113 0.9732981883919797 0.16951191292576617 -1.17105 -0.16800079961758732 -0.14315084866705946 0.9753376676073531 4.35521
0.9728590037251155 -0.17950590478167655 0.14602393303663252 -2.60269 0.15285199966306318 0.9722911611092776 0.17687895360323494 -1.1829 -0.17372859600531576 -0.14975823241906958 0.9733400468247144 4.37315
0.9725071778721127 -0.18157580023277747 0.14580815394567292 -2.61183 0.15326819443752498 0.9704703879023377 0.186268856169105 -1.19763 -0.1753244123363304 -0.15880004714896084 0.9716192132025837 4.37806
0.9721524566828778 -0.1836582560750492 0.14556526351062346 -2.62806 0.15417935637680968 0.9690242157983272 0.1929269168977457 -1.20916 -0.17648888642823465 -0.16511121758350825 0.9703555836884812 4.37853
0.9716384468536063 -0.18542723201849015 0.1467496855937779 -2.65676 0.15457651810624046 0.9676783194532697 0.19926055834069897 -1.22177 -0.17895482291925738 -0.17092516399306748 0.968896155254979 4.39222
0.9710897834769728 -0.18716756613649613 0.14816522740908517 -2.68873 0.15510397536369827 0.9665251402089277 0.20438177553414497 -1.23227 -0.1814590566850353 -0.17549203836827662 0.967613122697457 4.41108
0.9710961991206813 -0.1873082682980595 0.14794520837305963 -2.72049 0.15413585632179136 0.9653686659638411 0.2104886613837947 -1.26186 -0.1822479351030183 -0.1816010776465158 0.9663367625979621 4.4219
0.9705157688837613 -0.18877637955078816 0.1498753511143773 -2.76339 0.15461303515436128 0.9645767972697367 0.21374379880879163 -1.28598 -0.18491606665813912 -0.18426904431443097 0.9653242810574737 4.43373
0.9703476161174597 -0.18854152245813724 0.15125342377721843 -2.80681 0.15315838850781585 0.9636963171461002 0.21870508990129187 -1.32063 -0.18699735806917714 -0.18905423197646473 0.9639971397503921 4.46147
0.9701487048842625 -0.1890538036489629 0.15188860963629738 -2.84493 0.15298156910608007 0.9630660309179635 0.22158623514506004 -1.356 -0.18817048101450398 -0.19173544121465802 0.9632390101407805 4.47503
0.9695561093207395 -0.19040245698365837 0.15397355374679142 -2.88567 0.1534014942015859 0.9624058498152255 0.2241494185095162 -1.40126 -0.1908636488584213 -0.19370566490430668 0.9623144927353164 4.49828
0.9686409932624147 -0.1914300700906226 0.15839556318502704 -2.94053 0.15328143270036035 0.9621281097524914 0.22542028039513817 -1.45375 -0.1955490438762805 -0.19407222544505726 0.9612994032817639 4.52305
0.9678317140302212 -0.19181331502192384 0.16281715357303217 -2.99495 0.15264396619550563 0.9620799095342368 0.22605766356109241 -1.51275 -0.20000398221392862 -0.1939327199079488 0.960410593052615 4.55327
0.9663713187597515 -0.1937551878090085 0.1690721783015614 -3.05281 0.15411726666291783 0.9627065567992404 0.222359964049516 -1.5659 -0.20585029121886178 -0.18882534970931955 0.9601930248196261 4.58445
0.965123233443514 -0.19409182233646308 0.17568582404294006 -3.10895 0.15429052936312052 0.9638476299471154 0.21723760906936945 -1.62391 -0.21149840854338384 -0.18255440489738667 0.9601782711747734 4.60857
0.9634980730467396 -0.19270763047195014 0.1858365744225441 -3.18273 0.15241694289389443 0.9655299071266664 0.2110001752673445 -1.69285 -0.22009211424787295 -0.17497361973125292 0.9596581128944016 4.64426
0.9617376560742381 -0.19108734767808885 0.1963321329945355 -3.24891 0.15133705929430005 0.9678913978032841 0.20070709141073817 -1.75342 -0.22838076839564292 -0.1633152399984707 0.9597762015236978 4.67144
0.9600925712185987 -0.18658408587380493 0.2083473868074584 -3.32095 0.14764593648998314 0.9708083503760235 0.18902863348757473 -1.83198 -0.2375351176749576 -0.15072334171859578 0.959614267365968 4.69748
0.9581253523222746 -0.18345123995412643 0.21986689563599723 -3.3814 0.14507712913984144 0.9729797753921853 0.17961899475922444 -1.93549 -0.24687737003998309 -0.14019985462569512 0.9588511693297741 4.7247
0.9549560215051128 -0.1791322524319479 0.23658113434883768 -3.46592 0.14259343017602244 0.9761746918277981 0.1635545312901434 -2.01779 -0.2602424075007025 -0.1224524690382337 0.9577469823312826 4.75609
0.952224181966603 -0.17314956323243585 0.251571731381827 -3.54402 0.13931543548533815 0.9793192158851226 0.14671428980736279 -2.11679 -0.27177254591581546 -0.10465706928136742 0.956653846036209 4.77088
0.9494357860634073 -0.1672639430545323 0.2656961826899485 -3.6112 0.13722010145782115 0.9822347168689431 0.1280062683359405 -2.21951 -0.28238684795518637 -0.0850748748529066 0.9555207657454112 4.78351
0.9459421038193535 -0.151497986418974 0.28677847954965424 -3.74213 0.11663915162720001 0.9839482276913122 0.13505996272327503 -2.4393 -0.30263648909128943 -0.09430930672060825 0.9484286531607825 4.88638
0.9428657788659672 -0.14127571043804943 0.3017371317615671 -3.83053 0.1114464796383618 0.9872130642304775 0.1139738916984383 -2.55735 -0.3139805809595381 -0.07383454105563025 0.9465540952990564 4.89446
0.9381317996658913 -0.1329381828944313 0.3197439068760531 -3.9366 0.10919021755484812 0.9898309282330833 0.09117143140017642 -2.67676 -0.32861257256222004 -0.05061791226392953 0.9431074191798516 4.89731
0.9355299441731564 -0.12001207631800515 0.3322360984198017 -4.03176 0.10077349233966695 0.9921078449142852 0.07461050396023058 -2.83421 -0.3385682011013998 -0.03631976868557687 0.9402406328199118 4.89215
0.9318596085055554 -0.10699373590578093 0.34668430958553215 -4.15158 0.09576517150581601 0.994176699465865 0.04941378517803426 -2.93949 -0.34995242814179 -0.012846428144946721 0.9366793834186712 4.85987
0.9276581299902212 -0.0958835284159383 0.3609109901922575 -4.27067 0.0940916137159777 0.995307485295417 0.022578262626616726 -3.05073 -0.3613822935498764 0.013013788588385533 0.9323269164918536 4.80625
0.923894697135267 -0.08388839055804695 0.37333808610281666 -4.38569 0.09146077000193459 0.9958053351953805 -0.00258107478960333 -3.16865 -0.37155553576280737 0.036530430137036204 0.9276917653606809 4.74346
0.9211929166422633 -0.0727499313100482 0.3822447616678388 -4.50062 0.08935464929743833 0.9956645455030896 -0.02584297732571073 -3.29989 -0.378707482071653 0.057961714282004 0.923699671267907 4.67389
0.9175814064266401 -0.061167302337715494 0.39281410833221797 -4.63361 0.08808578691319856 0.9948139837258554 -0.05085304245938434 -3.42664 -0.3876664245507877 0.08126314606400538 0.9182107842798344 4.60321
0.914132119508339 -0.04845425872986666 0.4025104382424528 -4.78635 0.0847838052379121 0.9937271118034311 -0.07292553487079313 -3.5632 -0.3964519825307625 0.10078994035989215 0.9125060073608708 4.56319
0.9110764588181196 -0.03522800939745288 0.41072944080176216 -4.95415 0.08202217119356142 0.9919120423289672 -0.09686518319536372 -3.69535 -0.4039951108864182 0.1219405085960783 0.9065971888017305 4.51709
0.9073678442742794 -0.034194294940169685 0.4189443225186266 -5.09642 0.08540444421883175 0.9908936110851465 -0.10409578482489176 -3.89702 -0.41156977061577155 0.13023287489793964 0.9020253445503059 4.5037
0.9083471801574278 -0.018662246352442863 0.41780033611897693 -5.24004 0.08100316581614998 0.987936939424819 -0.13198140341609788 -4.01835 -0.4102973158915504 0.1537280855309211 0.8989014341356827 4.47549
0.9065857476040293 -0.011112281722911642 0.42187533636864066 -5.42221 0.08051436917760646 0.9858462103820579 -0.14705334348890942 -4.1701 -0.41427010343153553 0.1672834919238767 0.8946488220148613 4.43895
0.9042806052747295 -6.772929243281656e-06 0.4269386219096321 -5.62408 0.07853604978687347 0.9829379380787464 -0.16632828613731235 -4.30497 -0.4196530421763222 0.18393751612879125 0.8888522455124519 4.40552
0.9046036915820183 0.0032739023128732572 0.42624106177118937 -5.79329 0.07749192112359765 0.9820438327700152 -0.1720026531160288 -4.48968 -0.41915052586959645 0.18862447370907248 0.8881067754393143 4.40071
0.9077912140498414 -0.026450555497975904 0.4185874816663343 -5.94647 0.10874243078828608 0.978726012810111 -0.17398412454898754 -4.67842 -0.405080480201367 0.20345947990366853 0.8913551730916015 4.3694
0.9075274520563519 -0.0518634107757566 0.41677825085626913 -6.15057 0.1409088563235226 0.9724279279502289 -0.18581878040720592 -4.80345 -0.3956496151567735 0.22736339099584543 0.8898130536585579 4.38064
0.9050573961065971 -0.08932638822726702 0.41580272500191473 -6.36748 0.18039385731110208 0.9660156483091936 -0.1851265066547472 -4.98737 -0.38513525675685434 0.24255837150681894 0.8904135389889307 4.40535
0.9018148442997781 -0.13046074192957788 0.41195871324169214 -6.58299 0.22253573289182269 0.9574126284246175 -0.1839535444599107 -5.15628 -0.3704157585563363 0.2575675712279189 0.8924410972522975 4.45776
0.899979943284053 -0.16937517470495572 0.40168165489613655 -6.76739 0.26041510977752613 0.947841168845482 -0.18379632542896476 -5.2932 -0.34959987455088176 0.27001697879077274 0.8971458960942259 4.54965
0.8950929023554473 -0.21379766319830867 0.39127899939026245 -6.93224 0.30280972797010836 0.9356118401252971 -0.18148485684493104 -5.36948 -0.3272842263225826 0.2809288946126736 0.9021995296895973 4.70761
0.8858962886112772 -0.2612927386429212 0.3832934522754678 -7.11369 0.3479787601835244 0.9207152257352157 -0.17661895583568493 -5.44736 -0.3067548667680782 0.28984405778251254 0.9065825245846435 4.88661
0.8736943238184521 -0.3092323843973492 0.3755443528630785 -7.28634 0.3925194748495849 0.9041407360540488 -0.16869496516330812 -5.54309 -0.2873790013052876 0.2947963056884765 0.9113223621535919 5.07084
0.8599282325549484 -0.35699811924042535 0.3647955286372375 -7.47515 0.43802812619357057 0.8830507246541328 -0.16838283270915821 -5.59484 -0.2620206013241554 0.3045878535769442 0.9157354661337073 5.27284
0.8447104545101947 -0.40296723370802245 0.3522522627306804 -7.65549 0.47926679356535895 0.8624649582502473 -0.16265772768601822 -5.6792 -0.2382594985027038 0.3062214955683275 0.921661980893829 5.45836
0.8271530263357423 -0.44525192863658153 0.34288276578012467 -7.85948 0.5178232379709123 0.8409230562584404 -0.1571862197213364 -5.76827 -0.21835055585215088 0.3075697213614644 0.9261338462990587 5.64888
0.8085656284401941 -0.4854498737817296 0.33250570604189167 -8.0413 0.5542144169791519 0.8181494181183824 -0.15322502943387262 -5.83596 -0.1976562787203403 0.30817194823321464 0.930570817189413 5.85319
0.7873496519270795 -0.5290180569578142 0.3165760904156942 -8.18026 0.5916061588587489 0.792793004739676 -0.14656535892301784 -5.90909 -0.173443588554618 0.3026865491699544 0.9371756369757386 6.06465
0.7697680031708364 -0.5633606778273346 0.30013658219602135 -8.30818 0.6238741625777402 0.7634680696008863 -0.16702555483464 -5.82436 -0.13504906723967475 0.3158183867000498 0.939159462530124 6.22351
0.7505490342084444 -0.5936177871772558 0.2903344106294492 -8.48953 0.6501717086051212 0.7419045290290653 -0.16387318003766824 -5.89469 -0.11812237966731212 0.3117620768357483 0.9427892186850634 6.42079
0.7292005484743701 -0.6220891710371979 0.28508178367431686 -8.69659 0.6743837283606477 0.7239674207413906 -0.14518181920423318 -6.07997 -0.1160738860686165 0.2981211783542231 0.9474442548190473 6.60349
0.7110303026435432 -0.6472487933007679 0.2747815646897205 -8.8472 0.6952344827927456 0.7056256596581989 -0.1368993877555163 -6.17765 -0.10528495931772423 0.2883772321155597 0.9517109063885071 6.83585
0.6971585128568532 -0.6635797979680189 0.27135191114113116 -9.03151 0.7101384252565062 0.6911159774380188 -0.13439539688583785 -6.24986 -0.09835357098464126 0.2863923138958435 0.9530508998033389 7.04317
0.6863947908191487 -0.6760065924816159 0.2680993809350023 -9.19329 0.7206880021179316 0.6816440048162695 -0.12637347150925854 -6.35679 -0.09731903585425117 0.2799580997567883 0.9550667346531168 7.2353
0.6808549609804372 -0.6799408689869858 0.272244259424418 -9.38824 0.7244346886870016 0.6799150003300507 -0.11362206719275171 -6.488 -0.1078466686332703 0.27458333344798913 0.955496252769887 7.41417
0.6800369573415939 -0.6744378412689712 0.28754710034016606 -9.62388 0.7224064007715064 0.6833442547098657 -0.1056864309141718 -6.58125 -0.1252147306587575 0.2795965447201885 0.9519175612449782 7.65163
0.6813311704311682 -0.6676008473306249 0.3001615312499698 -9.81797 0.7184456529084561 0.6884034926671408 -0.09968186946794629 -6.6578 -0.14008454595649458 0.2835661120922492 0.9486656840304963 7.82456
0.6885178397788528 -0.6542794392404272 0.3128283869687887 -9.98815 0.7086696379789073 0.6986191815951965 -0.09858287535927637 -6.70776 -0.15404716327510426 0.28956804812425385 0.9446797430835507 8.02899
0.6935674779819146 -0.6381733474239165 0.3342139017508985 -10.1803 0.6968847794334273 0.7119090745338834 -0.08681632214239934 -6.80798 -0.18252604657919233 0.2931215588012295 0.9384902738367125 8.24246
0.7057991453445674 -0.6165041365285164 0.3489558941673089 -10.3248 0.6790186040608746 0.7291647440248025 -0.08516167806275993 -6.8561 -0.20194380844705062 0.29705458372910554 0.9332616313314441 8.42314
0.7174099378203531 -0.590348075784044 0.3698812384194058 -10.49 0.6584865793439514 0.7479565153705564 -0.08340549105806133 -6.91351 -0.227416811033175 0.3033977596041389 0.9253277222296379 8.60639
0.7272212972926625 -0.5610943429461905 0.39537617919869616 -10.6708 0.6335661140557605 0.7703181854906 -0.07213786954680854 -7.02244 -0.2640893104316415 0.30295714452089095 0.9156821526596922 8.78814
0.7411823477285818 -0.5258532851901059 0.4172853338787753 -10.8195 0.6050250998701483 0.7925854590964143 -0.07584799638779799 -7.06507 -0.2908493698508988 0.3086852968375713 0.9056047877378055 8.95738
0.7497874088108759 -0.4916425815699842 0.44283903799899277 -10.9703 0.5723299252668855 0.8177383762152737 -0.06117519684323275 -7.17931 -0.33205014415397144 0.2993184258478058 0.8945117001556312 9.16432
0.7583820023743955 -0.45375515801697175 0.4679348192297674 -11.1182 0.539761278549587 0.8396340732092333 -0.06060020861834256 -7.24122 -0.3653963610288385 0.2985312038616139 0.8816828339418988 9.33439
0.7687341805010631 -0.41138555174346675 0.48970367320052094 -11.2642 0.5027577101222687 0.8619718448569594 -0.06510932027369801 -7.29147 -0.39532574497744527 0.29625405734034016 0.8694544777430355 9.45784
0.7760023684403113 -0.3672607294965927 0.5127766382594457 -11.4081 0.46572830189499237 0.8818975462435552 -0.0731701219324104 -7.32619 -0.42534394669377257 0.2955947809066112 0.8553983005078618 9.59907
0.7755773768011538 -0.3290468144329937 0.5387095010353351 -11.5493 0.4312591768316362 0.8993880876987833 -0.071530343938952 -7.41615 -0.4609720761529273 0.2878007324817369 0.8394495121150736 9.77161
0.7792949485476216 -0.2838784588998037 0.5586702101784493 -11.6758 0.3937084399743789 0.9153846319899799 -0.08405141170444659 -7.44265 -0.48753773952495316 0.2854540174690873 0.8251199648836873 9.89521
0.780373392965742 -0.23997529203596557 0.577433309364284 -11.8029 0.3532574048050491 0.9311447117648862 -0.09043634060867917 -7.513 -0.5159714851632187 0.27455670628221845 0.811413606944031 10.0154
0.7792381740089014 -0.19186231479312316 0.5966378468799125 -11.9376 0.3165528331503597 0.9421198865548023 -0.11047363116349254 -7.51033 -0.5409086540181751 0.2749526714185395 0.7948703394189867 10.1323
0.7763923844481779 -0.15043301649442548 0.6120333103020297 -12.0326 0.2799380981331244 0.9523580620138304 -0.12103215659844317 -7.55646 -0.5646676248772209 0.2652998855364411 0.781515479149242 10.2662
0.7720669109823195 -0.11203182512769247 0.6255889665945026 -12.1341 0.24612903962049107 0.9602342516537554 -0.13179786723026882 -7.61059 -0.585946397566974 0.25573238377161184 0.7689393780193438 10.39
0.7672188306746139 -0.07707326092448394 0.6367377625904914 -12.2468 0.21510383796141416 0.9661780730105611 -0.1422331541092615 -7.65105 -0.6042396914739615 0.24608869068704817 0.7578487656276722 10.4893
0.7621824373831555 -0.04626417636491717 0.6457070218992111 -12.3384 0.1879660126518198 0.970287381801582 -0.15235214079364676 -7.69147 -0.6194729293782324 0.23749110025831935 0.7482320943835841 10.5951
0.7584596151953523 -0.02816757652677393 0.6511110502443698 -12.4337 0.16549604860376205 0.9746411614726179 -0.15061760939494195 -7.7376 -0.630357097218917 0.22199368008102033 0.7438875828979983 10.6962
0.7565392819211936 -0.015309261979017136 0.6537690275684696 -12.4963 0.14797123346214475 0.9778043522091395 -0.14833463138645708 -7.79101 -0.6369873067635303 0.20895998492180856 0.7420127328581507 10.7987
0.7559909787678726 -0.004564392375637535 0.654566120681353 -12.5593 0.13460931437831125 0.9796876170376275 -0.1486354786238333 -7.83395 -0.6405918923184989 0.20047777768465075 0.7412494102192788 10.8912
0.7546721223006758 0.004447744308647222 0.6560870410187651 -12.626 0.12239353376269849 0.9814692003740465 -0.14743822981238333 -7.88131 -0.6445849910719867 0.19156833320696529 0.7401430692758205 11.0017
0.7561254248785998 0.012469151542245767 0.6543079260653762 -12.6972 0.11366706780754912 0.9821193624221273 -0.15007116862205316 -7.91021 -0.6444797433187418 0.18784588953546788 0.7411880882990753 11.0818
0.7581217639371475 0.018277971442267643 0.6518568146493398 -12.7608 0.10790226618478943 0.9823120707638796 -0.15303625904917306 -7.94632 -0.6431240098122717 0.18635694618536336 0.7427399252843829 11.1702
0.7617097504162198 0.016053327715074027 0.6477194969970664 -12.8069 0.1078934563415441 0.9825920845346053 -0.15123424707590094 -7.99485 -0.6388718636781053 0.1850812958653893 0.7467179224588445 11.2439
0.767997427995298 0.011618251971771201 0.640347535962877 -12.8351 0.10917515643367622 0.9828265651365831 -0.14877072319347176 -8.04723 -0.6310790250121532 0.1841655751842529 0.7535398497138448 11.3037
0.7720489299631796 0.007728026840602968 0.635516111002593 -12.8934 0.11446118641448985 0.9818860085867394 -0.1509917313835058 -8.07822 -0.6251712457777442 0.18931493269880295 0.7571794831543912 11.3562
0.7783117376896583 0.006764574813228112 0.6278416038318104 -12.9368 0.11826436709314567 0.9804644700919324 -0.1571717607059335 -8.09246 -0.6166395855364473 0.1965799161026929 0.7623069973012816 11.3973
0.7780334094715831 -0.003696310486211149 0.6282120271332069 -13.005 0.12987320613609338 0.9793272299719922 -0.15508425762570532 -8.14481 -0.6146519047997455 0.202248643812941 0.762429355417189 11.4754
0.783617530757061 -0.01162793527289352 0.6211347330583725 -13.0442 0.1399825031077861 0.9774175710433175 -0.1583028446979392 -8.169 -0.6052672668448913 0.2109968789747152 0.7675492510250037 11.5219
0.7878944697289616 -0.019955987158683727 0.6154868505070119 -13.0901 0.15161184807880196 0.9749963531383387 -0.16246833195755528 -8.19195 -0.5968552187027008 0.22132299912901632 0.7712197987369676 11.5715
0.786803611344392 -0.03897805902465766 0.6159714182412142 -13.1484 0.17086782754408858 0.9727532862331539 -0.1567010837006654 -8.25627 -0.5930803172301253 0.22854267662139086 0.7720258948227993 11.6457
0.7901689101017966 -0.04889097144590446 0.6109359757123611 -13.189 0.18481718442581396 0.9694192530654073 -0.1614587257692271 -8.27064 -0.5843592232945876 0.2404911322630911 0.7750408463128655 11.6873
0.7934332011524557 -0.06144528235830271 0.6055478780285463 -13.2185 0.20002452043899893 0.9659560036527509 -0.16407068668825414 -8.29821 -0.5748512386105776 0.2513035540598565 0.7787121272875938 11.7294
0.7950842113066652 -0.07628325146711547 0.6016826094183402 -13.2543 0.217114884403321 0.9621129959630326 -0.16492334573846773 -8.32754 -0.5663057689105689 0.26176219846387755 0.7815230819073528 11.7691
0.7991866657781036 -0.09378132860878809 0.5937219346182588 -13.2719 0.23356156415631557 0.9585865536839522 -0.1629748902290738 -8.3482 -0.5538498614167316 0.2689179828510802 0.7879933054969268 11.7992
0.8032565433924084 -0.11663120387288216 0.5841028058316804 -13.2679 0.25066287698535 0.9557683015512477 -0.1538670720176025 -8.38983 -0.540321244815255 0.27000762217575447 0.79696225529713 11.821
0.7993913850243111 -0.13717166620411556 0.5849421745264236 -13.3017 0.2712104936127616 0.9511365200071951 -0.1475946762689131 -8.42062 -0.53611405661784 0.2766283685730547 0.7975327353766579 11.8779
0.799539108809519 -0.1534066004379373 0.5806923698707908 -13.3161 0.2836231212066124 0.9486769912687487 -0.13989242779469446 -8.43812 -0.5294290685267474 0.2765472494517883 0.8020140149770145 11.8956
0.8038095299023549 -0.1735959939447192 0.5689944380435548 -13.3002 0.29884351489189265 0.9448613571556728 -0.1339013418939471 -8.45581 -0.514376120407251 0.27767147249994123 0.8113666003197938 11.8807
0.8046291121004528 -0.1880080129104232 0.563227288971256 -13.3103 0.31226661274741135 0.9407690954441089 -0.13207222122964046 -8.47136 -0.5050361913008758 0.2821462318351018 0.8156788273196491 11.8921
0.8039115694869292 -0.2059321921909981 0.5579588879697788 -13.3228 0.3271899354879238 0.9365536998154737 -0.12575338356225613 -8.49664 -0.49666179092061286 0.2836531325075707 0.8202852954053071 11.9086
0.798492482877538 -0.22535244147793643 0.5582347462385322 -13.3449 0.34494598614831873 0.931242012137272 -0.11747587612224651 -8.53852 -0.4933781728332021 0.28636443904657355 0.8213241665879025 11.9571
0.8026996171984473 -0.23420650607222732 0.5484711816156853 -13.3546 0.35307929782642494 0.9277938120881126 -0.12055559587761472 -8.52551 -0.4806332635137367 0.2904237503449878 0.8274332065125785 11.9523
0.7998828504774543 -0.2500387410631387 0.545589638354344 -13.3869 0.3672760280325921 0.9229132475307762 -0.11549656603033477 -8.55433 -0.47465328898540865 0.29276571776722343 0.8300557148502608 11.9814
0.7994712668925885 -0.2627882779704223 0.5401740593313411 -13.405 0.3772492002177476 0.9194301029298437 -0.11104650720075113 -8.57567 -0.46747057056913105 0.29255872365690405 0.8341946168994463 12.0096
0.7954801599737283 -0.27116623605724477 0.5419226766898745 -13.4446 0.38537072970470887 0.9165291443653777 -0.10706880131825963 -8.59648 -0.4676544833261324 0.2940122445603504 0.8335802806410147 12.0586
0.7936434582466152 -0.2829208042608619 0.5385962121095362 -13.4697 0.3966242299129193 0.9119074106529665 -0.10542340651954824 -8.61376 -0.46132340221187274 0.2972889047922731 0.8359425971076446 12.0966
0.7890365673896091 -0.29503622672702434 0.5388644729806402 -13.5089 0.40889718937576525 0.9068369572019036 -0.1022243687845165 -8.63669 -0.4585023269762355 0.30099893350554113 0.836167003765339 12.1379
0.787334839044979 -0.29973940053143777 0.5387579632776404 -13.5394 0.41206981417327304 0.9058421569054231 -0.09822654946670477 -8.66406 -0.4585873084519688 0.2993430783265 0.8367146478846859 12.1802
0.7848228082332483 -0.3041075144401951 0.5399738691250572 -13.5795 0.4149624787314168 0.9050294817856337 -0.09342257941154189 -8.69358 -0.4602817625345984 0.29738906630848727 0.8364809874218361 12.2315
0.7791948121729775 -0.30651064040804826 0.5467235791507129 -13.6419 0.41788730027432747 0.9041609154476401 -0.08867493020193938 -8.72206 -0.46714628217738363 0.2975638860707611 0.8326043987118461 12.2954
0.7737775284962134 -0.3086286258358548 0.5531877689437499 -13.6964 0.4196020702785228 0.9039416022148365 -0.08260558336608935 -8.76056 -0.4745549905040187 0.2960370772385551 0.8289509092146436 12.3506
0.7717161865527082 -0.3047549918341558 0.5581921912430425 -13.7528 0.4148150753179788 0.9065071850633705 -0.07856956610179144 -8.79255 -0.48206076453232044 0.29217994178356577 0.8259832328309497 12.4154
0.7648727172292973 -0.30295292133666324 0.5684973648943792 -13.8028 0.41244942817095637 0.9082147509235604 -0.07093261172624554 -8.83852 -0.4948284507177436 0.2887308325386064 0.8196214435346606 12.4868
0.7581150405726368 -0.2944094634643492 0.5818802738366228 -13.8673 0.40752530656929836 0.9104853661624871 -0.07028173667149085 -8.86168 -0.5091018658020695 0.29041257863011966 0.8102319571642776 12.5656
0.7498161148729573 -0.291027113275805 0.5942045213688428 -13.941 0.40483553433203556 0.9121392375960639 -0.06411085227764814 -8.90015 -0.5233392628294949 0.2886264550868872 0.8017548162655823 12.6349
0.7408167299283793 -0.28074392034465057 0.6102240767519251 -14.0243 0.3954128087562061 0.9166505530312145 -0.05831358588782655 -8.93622 -0.5429910527161115 0.28449009616695875 0.7900798072683315 12.7176
0.7283490645923755 -0.2698276561561624 0.6298417865469736 -14.1256 0.3838895661729986 0.9220830498170725 -0.04890450105617518 -8.99449 -0.5675706485459926 0.27740923779376614 0.7751823486740156 12.823
0.7207163525990772 -0.26010657474138943 0.6425826864089822 -14.1897 0.3708125012542617 0.9278316439836056 -0.04033025336193066 -9.07149 -0.5857183862658236 0.267344366312405 0.7651542078504031 12.9144
0.705663867798524 -0.24664950454541412 0.6642307788646422 -14.2939 0.35742800347377734 0.9333525134695773 -0.03314072921304312 -9.1233 -0.6117873225364978 0.2608008962935607 0.7467925846418795 13.0159
0.6953445307882394 -0.22656252641842972 0.6820303549885305 -14.3826 0.33523175047549775 0.9416905794435604 -0.028957314453942853 -9.17099 -0.6357009178662685 0.24877354001209467 0.7307503464342895 13.1138
0.6775196520794332 -0.2123888770810879 0.7041719150451813 -14.4693 0.32066741480982086 0.946914342159751 -0.022926789817851068 -9.21637 -0.6619210905578925 0.24133833823990786 0.7096592677970532 13.2231
0.6604915678763996 -0.19948738488897233 0.7238478238099048 -14.5479 0.3066362080913919 0.95166544166178 -0.017524926077516878 -9.27461 -0.6853649572683947 0.23353301783013225 0.6897370549213977 13.3331
0.6390973864511542 -0.1736244463643052 0.7492723685389662 -14.6542 0.28762395712529215 0.9574559180097031 -0.02346538633358984 -9.26972 -0.7133210987478864 0.23050535068168165 0.6618461251591814 13.464
0.618414216947527 -0.15514524294144977 0.7703854943272335 -14.7195 0.2671051956939172 0.9634516798130593 -0.02038811170041724 -9.29847 -0.7390660800703084 0.21838226635428307 0.6372523166152287 13.602
0.5929636646727119 -0.135146855998432 0.7938069158754201 -14.7854 0.2462939754265581 0.9690088522454624 -0.01900320863730892 -9.31893 -0.7666377045557368 0.20677807326617148 0.6078728965580223 13.7597
0.5698145015775428 -0.11375086941589635 0.8138625028216154 -14.829 0.222811867120137 0.9746609054914294 -0.019773496834532223 -9.33171 -0.7909907114893163 0.19260544907596605 0.5807209616708101 13.9084
0.5352744233837843 -0.09255073099991748 0.8395925522910134 -14.9037 0.2001406711735341 0.9795707679950877 -0.019616886392117866 -9.35371 -0.8206247640751311 0.17853703447995004 0.5428623434221059 14.1205
0.5261100015378555 -0.08045725164964627 0.8466019707860499 -14.7958 0.18040240810065694 0.9834160735756792 -0.01864932664948167 -9.3686 -0.8310615124245149 0.1625406315048042 0.531899713928009 14.2028
0.4764260277508542 -0.028982723502092814 0.8787367306650745 -14.9685 0.15462373530404128 0.986641140903793 -0.05129093055002673 -9.24444 -0.8655112596391615 0.16030988994588924 0.47454293654354274 14.4303
0.4441129738254265 0.02091482248331309 0.8957266528804572 -15.0023 0.13477152989793878 0.9867934606549953 -0.0898626771107277 -9.065 -0.8857766655364684 0.16062763214661857 0.43542905573935414 14.6316
0.4221376362202338 0.05415680250795296 0.9049126238640439 -14.9951 0.1150199884947204 0.9869468102596342 -0.11272265062980291 -8.99978 -0.8992053260146253 0.1516675128709138 0.41039827875672585 14.7815
0.4030689147956218 0.0688665291497858 0.9125748468418036 -14.9416 0.09399512801416265 0.988776028174201 -0.11613303585824557 -9.02844 -0.9103298115711034 0.13258720628670428 0.3920717624287753 14.9262
0.37296830817552357 0.08118729250443489 0.9242852723226131 -14.9071 0.07548084069288406 0.9902077851329334 -0.11743587590862414 -9.06625 -0.924768773145473 0.1135656893517124 0.3631880372714487 15.1443
0.3513788254789673 0.09286754435145694 0.931616090571192 -14.8507 0.05741346025710036 0.9910580456288682 -0.12044768480794668 -9.09391 -0.9344713027088246 0.09581006941036152 0.34290496498775574 15.3264
0.3255228378458669 0.10586189780642141 0.9395893468072083 -14.8352 0.036815729680954264 0.9915401265923639 -0.12446999399557293 -9.12457 -0.944817169662381 0.07510949307525547 0.3188715728332424 15.553
0.30158047101317736 0.1152297629641773 0.9464519645659202 -14.8005 0.019525755387268702 0.9917153429108334 -0.1269622916924743 -9.15659 -0.9532407693652358 0.056769537275442886 0.2968320320610724 15.7749
0.2842642087358214 0.12751008116079854 0.9502289402213362 -14.7266 2.7723183407282748e-05 0.991115382711159 -0.13300487729680377 -9.15539 -0.9587459824495863 0.037834869573969615 0.2817350950469221 15.9305
