2.6182427907572356
2.9230023924443227
2.0297347527746217
2.171369657362592
1.7358931130926711
2.297883022632528
1.9603805953878324
3.217407661399318
3.30651707656524
2.906531554124932
2.0383408337207714
1.9777943853275284
2.1245250422304034
1.947927607214945
2.493049839090475
2.3692840945618614
1.9299911455410448
2.205091276254131
3.323199549065353
1.6546674700672015
2.171283994302139
2.8054320992726263
2.0172182963724072
1.9456412217480001
1.6695824177154301
1.7833864678740512
1.2083363231366204
1.377362569737855
2.0831746321273017
1.6733108995258872
1.2177562585997774
1.3183824702706612
1.762840703714987
2.9217914640586953
2.097716192045463
2.2761770939300034
2.3418896603022046
1.8179046039779947
1.9318347231902193
2.463935970626537
