0.47375736786152023
0.3544905247492724
3.6454994643278846
2.183567540498231
2.2250246670331837
1.4287376777224285
2.8484143374875073
0.5528504697867229
3.525684381080617
0.6289558075116994
3.4824294885305442
1.6753570013893548
1.192432558219947
0.8713125996758635
2.407177999447328
2.712629373909348
3.150056172462413
3.3920046180696612
3.0312809102386162
2.464801014321698
2.453052518258743
1.476452465913845
3.237951131212591
3.2603237485648555
2.2275765287831537
3.34545103704005
3.8306259451124602
0.43664378629278267
0.9122524447538506
3.4479770260999776
2.9402138748036237
2.057809337768771
3.3218721366379556
2.5270437711395854
1.12234295724454
3.429656559325142
1.2475946325456333
1.2229568652659741
3.5947321853198666
3.6559311754679076
