1.9990805704095902
1.8254200058447039
2.1755914200326245
1.6729129304587438
1.0130620871206075
1.4513843868090976
1.649268537178254
1.657109350364639
1.3245098838837956
1.2166177872729842
1.2167621888146303
0.6732923920871242
1.705341869564335
0.8551189924614282
1.6274769395586837
1.5787686578324205
1.9934459944523995
1.8434623212889838
1.7263219611944043
1.5964664610977224
1.4630297621635788
2.032149761561457
1.674516486269292
1.8095699251492252
1.7892527393725808
1.545214731937532
1.7409163116794688
1.4251809019627237
1.8711855137271582
1.7869666838996818
1.8915152054096818
1.5632458108806195
2.1272288105438215
1.258767082187314
1.7795052395093809
1.5056477375717041
1.3532522749697462
1.7387075507172998
1.3555834170791152
1.4874484368443845
