2.4623412014365123
1.9599017950580877
0.4471279491802153
0.7104520201169359
0.5794649129211654
0.6093708228373427
3.0821732099981474
0.41595411523149256
3.2712845034335487
2.0684783671783036
1.4443678318897542
0.7798611168259177
1.7468068280461249
0.9456768805399091
2.0949127406868664
2.569165437139258
0.373318993938194
2.7735997674923705
0.08657394043073273
1.5212395932443943
0.4665539978667705
1.0199794801478752
0.6625772239718307
0.8724746256037643
1.220455074418276
0.32330011024195526
1.9177972694319687
3.642453666553952
2.979746129086665
0.8235487357671156
0.7614755338587215
2.224128666826261
2.5600228775893514
2.606874604520892
1.7544466609093066
3.4372496850229934
1.6875915717414431
2.3740594854780324
2.7296633850277177
1.1531142615836767
