2.404389537264988
3.3005080451787325
1.8254372836255477
1.7068362708948026
2.10005093073831
2.8275263980121386
2.9824112479481886
2.374242323034879
2.3285467888833193
2.2528080582792662
1.9537594170593795
2.3219036152932087
2.7724703420678165
1.3184143165008175
2.0313052648989087
2.6508709017025587
2.5709569860055628
2.7384603581533526
2.892397914278353
1.909471041613088
2.133278747602284
2.941732988104009
2.496026597421278
3.4296635811615417
1.237314685892251
3.302501503937596
1.5215537134453632
2.5517595232237795
1.7449710787383805
2.0372562318753795
2.765082914974371
2.4566969762302104
2.68605984111617
2.1438466297086545
2.417859461493165
1.3740603362854131
1.86953118241106
2.191880477422299
1.9774267087479467
2.8308975219118864
