0.20563127290585295
1.0076420561603778
2.6381147400460323
1.9332769261292624
3.1454495099288398
2.936113420247584
3.1360394978915545
2.6238580198295964
3.3121074998661912
1.6409546917571054
2.1519498680669846
1.3568421541007203
0.8134281139708561
2.765374747748802
2.160629762385375
3.2955654347272616
2.6307257405828963
2.32050584737571
3.0059030836274494
2.0998361937224326
1.4313964216007022
3.2952824630097473
1.473483483228908
3.041516558909461
3.4306051220646134
0.5208559243333066
2.3244110611365696
2.758910850560079
1.9706206658152798
2.6087161812422854
3.0935923239776617
2.9646891127956327
1.5557660977576568
1.0416479835646366
1.999293218394526
2.3973131236834826
1.310314365321318
1.618613694680803
1.9782303740023932
1.7732029963636147
