0.7024030439289642
1.8827473681911129
1.1958585305082898
0.8839574517074626
1.9302542253443218
1.5838647695070776
0.8523922580555702
1.2628999698668653
1.7384862049155432
1.5872428446102846
0.8755468155713287
1.4400102492026075
1.7985456738632486
2.1066316825342803
2.1066025914541773
1.8833177936140881
1.861916539737116
0.9650675371759617
0.8017409165594614
0.5798673326609042
0.656204875883364
2.2742036149658915
1.4453294047477454
1.1042493223503254
0.9169711142777321
1.3863023532956746
1.535029284523457
1.5902704907832295
1.8461913497804605
1.3435199409105079
0.8838405341238437
1.5334129229657543
1.5424761056804364
1.0308042726316178
0.9218227817761753
1.4551231660594517
1.1310539761542764
1.1947313142671554
1.86831190404187
2.1534399552076695
