0.16995085310035202
0.024489873346091897
0.25147380984694245
0.2708660098005651
1.9701302979244768
1.8785535911342004
0.10338525609067675
3.532479674972181
0.2975162620240508
0.3063017977586208
0.4154791963743541
2.874568793264786
3.1558778553939266
0.17929660328334684
3.432918710898184
1.5848696807695055
0.7892149427593059
0.15955199917523263
0.25601692571698775
0.2468888980075745
0.20307875989299654
2.512338568612771
3.1741284286030043
0.7465936323653845
3.001443764225861
0.49161600232623315
3.030468345781951
1.3690005444026374
2.4337984197581175
2.667824671622882
3.782973833305772
1.87792814284045
2.8932405007407342
0.15657713674249912
0.2801665393127883
0.3957395678998744
2.9157450883366027
0.7225168386256161
1.3583243990543572
1.5425307962799515
