1.5898170640675706
1.3632749537356486
1.4195385352071712
2.124037408888088
1.3139746394309777
1.8882000678476794
1.0615741544504886
1.0475714544458345
2.294490036775666
1.8324684090517884
1.4195418393500747
0.6356275469781864
1.7839543085150156
1.5498301109912593
1.7689944486910512
1.4722094573126443
1.3356874782574095
1.6473172612065419
2.110514786174467
1.4909699361237572
1.3698827540845515
1.6324021006231895
1.5403983637311898
1.6758255595540326
1.7851477305539658
1.8995275749026046
1.6752629590897727
1.7352412478591515
1.1309445929296014
2.1320239991249785
1.8742376099387068
1.7099885792074814
1.778545602317788
1.6891291508502853
1.4593918445105176
1.6004039988906453
1.1825867330140039
1.3881622260465134
0.7181892705881707
1.5900785244166529
