1.0199350608434974
3.714116695680516
0.1957482206630693
3.818091948924842
0.9960503665397094
2.6978672800619288
0.6490228344013701
2.1316163008798896
0.1746322094186315
2.7520888711478952
2.486742216875456
1.9135308680176195
2.5889648295325816
2.9019664605650632
0.5840274917821835
2.9042504704852785
0.6347218095250612
0.2261053053699285
1.6219012433038564
2.264702453256088
1.7647530566667256
2.040344086865597
2.89956040841915
0.801030432784693
3.070124385738867
0.7306550578517462
2.2498070011272877
0.468972067428549
2.6693016206399816
3.032462641614986
1.3296393398804662
4.291467157448818
3.2020266985791577
1.9968637278253685
2.7461584215720607
1.6109103855436502
2.84022181546968
1.859417758740292
3.7542114208944932
2.896175900041655
